CIC_AEM_VERS = 1.0
COMMENT Generated by BIRDY AOCS TEAM
CREATION_DATE = 2015-08-24T03:29:45.898
ORIGINATOR = BIRDY AOCS TEAM

META_START

OBJECT_NAME = Birdy
OBJECT_ID = Birdy
REF_FRAME_A = EME2000
REF_FRAME_B = SC_BODY_1
ATTITUDE_DIR = A2B
TIME_SYSTEM = UTC
ATTITUDE_TYPE = QUATERNION


META_STOP

          51500              30               1               0               0               0 
          51500              60               1               0               0               0 
          51500              90               1               0               0               0 
          51500             120               1               0               0               0 
          51500             150               1               0               0               0 
          51500             180               1               0               0      3.5586e-07 
          51500             210               1               0               0      1.4227e-06 
          51500             240               1               0               0     3.20043e-06 
          51500             270               1               0               0     5.68896e-06 
          51500             300               1               0               0     8.88847e-06 
          51500             330               1               0               0     1.24426e-05 
          51500             360               1               0               0     1.59968e-05 
          51500             390               1               0               0      1.9551e-05 
          51500             420               1               0               0     2.31052e-05 
          51500             450               1               0               0     2.66593e-05 
          51500             480               1               0               0     3.05796e-05 
          51500             510               1               0               0     3.52094e-05 
          51500             540               1               0               0     4.05453e-05 
          51500             570               1               0               0     4.65896e-05 
          51500             600               1               0               0     5.33443e-05 
          51500             630               1               0               0     6.04526e-05 
          51500             660               1               0               0      6.7561e-05 
          51500             690               1               0               0     7.46693e-05 
          51500             720               1               0               0     8.17777e-05 
          51500             750               1               0               0      8.8886e-05 
          51500             780               1               0               0     9.63509e-05 
          51500             810               1               0               0     0.000104527 
          51500             840               1               0               0     0.000113413 
          51500             870               1               0               0     0.000123011 
          51500             900               1               0               0     0.000133319 
          51500             930               1               0               0     0.000143981 
          51500             960               1               0               0     0.000154644 
          51500             990               1               0               0     0.000165306 
          51500            1020               1               0               0     0.000175969 
          51500            1050               1               0               0     0.000186631 
          51500            1080               1               0               0     0.000197651 
          51500            1110               1               0               0      0.00020938 
          51500            1140               1               0               0     0.000221821 
          51500            1170               1               0               0     0.000234973 
          51500            1200               1               0               0     0.000248835 
          51500            1230               1               0               0     0.000263052 
          51500            1260               1               0               0     0.000277269 
          51500            1290               1               0               0     0.000291486 
          51500            1320               1               0               0     0.000305702 
          51500            1350               1               0               0     0.000319919 
          51500            1380               1               0               0     0.000334494 
          51500            1410               1               0               0     0.000349784 
          51500            1440               1               0               0     0.000365791 
          51500            1470               1               0               0     0.000382498 
          51500            1500               1               0               0     0.000399916 
          51500            1530               1               0               0     0.000417687 
          51500            1560               1               0               0     0.000435458 
          51500            1590               1               0               0     0.000453229 
          51500            1620               1               0               0     0.000470999 
          51500            1650               1               0               0      0.00048877 
          51500            1680               1               0               0     0.000506897 
          51500            1710               1               0               0     0.000525735 
          51500            1740               1               0               0     0.000545283 
          51500            1770               1               0               0     0.000565543 
          51500            1800               1               0               0     0.000586513 
          51500            1830               1               0               0     0.000607838 
          51500            1860               1               0               0     0.000629163 
          51500            1890               1               0               0     0.000650488 
          51500            1920               1               0               0     0.000671813 
          51500            1950               1               0               0     0.000693138 
          51500            1980               1               0               0     0.000714819 
          51500            2010               1               0               0     0.000737211 
          51500            2040               1               0               0     0.000760313 
          51500            2070               1               0               0     0.000784127 
          51500            2100               1               0               0     0.000808651 
          51500            2130               1               0               0      0.00083353 
          51500            2160               1               0               0     0.000858409 
          51500            2190               1               0               0     0.000883289 
          51500            2220               1               0               0     0.000908168 
          51500            2250               1               0               0     0.000933047 
          51500            2280               1               0               0     0.000958283 
          51500            2310               1               0               0     0.000984231 
          51500            2340        0.999999               0               0      0.00101089 
          51500            2370        0.999999               0               0      0.00103829 
          51500            2400        0.999999               0               0      0.00106637 
          51500            2430        0.999999               0               0      0.00109481 
          51500            2460        0.999999               0               0      0.00112324 
          51500            2490        0.999999               0               0      0.00115167 
          51500            2520        0.999999               0               0      0.00118011 
          51500            2550        0.999999               0               0      0.00120854 
          51500            2580        0.999999               0               0      0.00123733 
          51500            2610        0.999999               0               0      0.00126683 
          51500            2640        0.999999               0               0      0.00129704 
          51500            2670        0.999999               0               0      0.00132796 
          51500            2700        0.999999               0               0       0.0013596 
          51500            2730        0.999999               0               0      0.00139158 
          51500            2760        0.999999               0               0      0.00142357 
          51500            2790        0.999999               0               0      0.00145556 
          51500            2820        0.999999               0               0      0.00148755 
          51500            2850        0.999999               0               0      0.00151953 
          51500            2880        0.999999               0               0      0.00155188 
          51500            2910        0.999999               0               0      0.00158493 
          51500            2940        0.999999               0               0       0.0016187 
          51500            2970        0.999999               0               0      0.00165318 
          51500            3000        0.999999               0               0      0.00168836 
          51500            3030        0.999999               0               0      0.00172391 
          51500            3060        0.999998               0               0      0.00175945 
          51500            3090        0.999998               0               0      0.00179499 
          51500            3120        0.999998               0               0      0.00183053 
          51500            3150        0.999998               0               0      0.00186607 
          51500            3180        0.999998               0               0      0.00190197 
          51500            3210        0.999998               0               0      0.00193858 
          51500            3240        0.999998               0               0       0.0019759 
          51500            3270        0.999998               0               0      0.00201394 
          51500            3300        0.999998               0               0      0.00205269 
          51500            3330        0.999998               0               0      0.00209178 
          51500            3360        0.999998               0               0      0.00213088 
          51500            3390        0.999998               0               0      0.00216997 
          51500            3420        0.999998               0               0      0.00220907 
          51500            3450        0.999997               0               0      0.00224817 
          51500            3480        0.999997               0               0      0.00228762 
          51500            3510        0.999997               0               0      0.00232778 
          51500            3540        0.999997               0               0      0.00236865 
          51500            3570        0.999997               0               0      0.00241024 
          51500            3600        0.999997               0               0      0.00245253 
          51500            3630        0.999997               0               0      0.00249518 
          51500            3660        0.999997               0               0      0.00253783 
          51500            3690        0.999997               0               0      0.00258048 
          51500            3720        0.999997               0               0      0.00262313 
          51500            3750        0.999996               0               0      0.00266578 
          51500            3780        0.999996               0               0      0.00270879 
          51500            3810        0.999996               0               0      0.00275251 
          51500            3840        0.999996               0               0      0.00279693 
          51500            3870        0.999996               0               0      0.00284207 
          51500            3900        0.999996               0               0      0.00288792 
          51500            3930        0.999996               0               0      0.00293412 
          51500            3960        0.999996               0               0      0.00298033 
          51500            3990        0.999995               0               0      0.00302653 
          51500            4020        0.999995               0               0      0.00307274 
          51500            4050        0.999995               0               0      0.00311894 
          51500            4080        0.999995               0               0       0.0031655 
          51500            4110        0.999995               0               0      0.00321277 
          51500            4140        0.999995               0               0      0.00326076 
          51500            4170        0.999995               0               0      0.00330945 
          51500            4200        0.999994               0               0      0.00335885 
          51500            4230        0.999994               0               0      0.00340861 
          51500            4260        0.999994               0               0      0.00345837 
          51500            4290        0.999994               0               0      0.00350813 
          51500            4320        0.999994               0               0      0.00355789 
          51500            4350        0.999993               0               0      0.00360764 
          51500            4380        0.999993               0               0      0.00365776 
          51500            4410        0.999993               0               0      0.00370859 
          51500            4440        0.999993               0               0      0.00376012 
          51500            4470        0.999993               0               0      0.00381237 
          51500            4500        0.999993               0               0      0.00386533 
          51500            4530        0.999992               0               0      0.00391864 
          51500            4560        0.999992               0               0      0.00397195 
          51500            4590        0.999992               0               0      0.00402526 
          51500            4620        0.999992               0               0      0.00407858 
          51500            4650        0.999991               0               0      0.00413189 
          51500            4680        0.999991               0               0      0.00418556 
          51500            4710        0.999991               0               0      0.00423994 
          51500            4740        0.999991               0               0      0.00429503 
          51500            4770        0.999991               0               0      0.00435083 
          51500            4800         0.99999               0               0      0.00440734 
          51500            4830         0.99999               0               0      0.00446421 
          51500            4860         0.99999               0               0      0.00452107 
          51500            4890         0.99999               0               0      0.00457794 
          51500            4920        0.999989               0               0       0.0046348 
          51500            4950        0.999989               0               0      0.00469167 
          51500            4980        0.999989               0               0      0.00474889 
          51500            5010        0.999988               0               0      0.00480683 
          51500            5040        0.999988               0               0      0.00486547 
          51500            5070        0.999988               0               0      0.00492483 
          51500            5100        0.999988               0               0      0.00498489 
          51500            5130        0.999987               0               0      0.00504531 
          51500            5160        0.999987               0               0      0.00510574 
          51500            5190        0.999987               0               0      0.00516616 
          51500            5220        0.999986               0               0      0.00522658 
          51500            5250        0.999986               0               0        0.005287 
          51500            5280        0.999986               0               0      0.00534777 
          51500            5310        0.999985               0               0      0.00540926 
          51500            5340        0.999985               0               0      0.00547146 
          51500            5370        0.999985               0               0      0.00553437 
          51500            5400        0.999984               0               0      0.00559799 
          51500            5430        0.999984               0               0      0.00566196 
          51500            5460        0.999984               0               0      0.00572594 
          51500            5490        0.999983               0               0      0.00578991 
          51500            5520        0.999983               0               0      0.00585388 
          51500            5550        0.999982               0               0      0.00591786 
          51500            5580        0.999982               0               0      0.00598219 
          51500            5610        0.999982               0               0      0.00604723 
          51500            5640        0.999981               0               0      0.00611298 
          51500            5670        0.999981               0               0      0.00617944 
          51500            5700         0.99998               0               0      0.00624661 
          51500            5730         0.99998               0               0      0.00631414 
          51500            5760         0.99998               0               0      0.00638167 
          51500            5790        0.999979               0               0       0.0064492 
          51500            5820        0.999979               0               0      0.00651673 
          51500            5850        0.999978               0               0      0.00658425 
          51500            5880        0.999978               0               0      0.00665214 
          51500            5910        0.999977               0               0      0.00672073 
          51500            5940        0.999977               0               0      0.00679004 
          51500            5970        0.999976               0               0      0.00686006 
          51500            6000        0.999976               0               0      0.00693078 
          51500            6030        0.999975               0               0      0.00700186 
          51500            6060        0.999975               0               0      0.00707295 
          51500            6090        0.999974               0               0      0.00714403 
          51500            6120        0.999974               0               0      0.00721511 
          51500            6150        0.999973               0               0      0.00728619 
          51500            6180        0.999973               0               0      0.00735763 
          51500            6210        0.999972               0               0      0.00742978 
          51500            6240        0.999972               0               0      0.00750264 
          51500            6270        0.999971               0               0      0.00757621 
          51500            6300        0.999971               0               0      0.00765049 
          51500            6330         0.99997               0               0      0.00772513 
          51500            6360         0.99997               0               0      0.00779977 
          51500            6390        0.999969               0               0       0.0078744 
          51500            6420        0.999968               0               0      0.00794904 
          51500            6450        0.999968               0               0      0.00802367 
          51500            6480        0.999967               0               0      0.00809866 
          51500            6510        0.999967               0               0      0.00817437 
          51500            6540        0.999966               0               0      0.00825078 
          51500            6570        0.999965               0               0       0.0083279 
          51500            6600        0.999965               0               0      0.00840574 
          51500            6630        0.999964               0               0      0.00848393 
          51500            6660        0.999963               0               0      0.00856212 
          51500            6690        0.999963               0               0      0.00864031 
          51500            6720        0.999962               0               0      0.00871849 
          51500            6750        0.999961               0               0      0.00879668 
          51500            6780        0.999961               0               0      0.00887523 
          51500            6810         0.99996               0               0      0.00895448 
          51500            6840        0.999959               0               0      0.00903445 
          51500            6870        0.999958               0               0      0.00911513 
          51500            6900        0.999958               0               0      0.00919652 
          51500            6930        0.999957               0               0      0.00927826 
          51500            6960        0.999956               0               0         0.00936 
          51500            6990        0.999955               0               0      0.00944175 
          51500            7020        0.999955               0               0      0.00952349 
          51500            7050        0.999954               0               0      0.00960523 
          51500            7080        0.999953               0               0      0.00968734 
          51500            7110        0.999952               0               0      0.00977016 
          51500            7140        0.999951               0               0      0.00985368 
          51500            7170        0.999951               0               0      0.00993791 
          51500            7200         0.99995               0               0       0.0100229 
          51500            7230        0.999949               0               0       0.0101081 
          51500            7260        0.999948               0               0       0.0101934 
          51500            7290        0.999947               0               0       0.0102787 
          51500            7320        0.999946               0               0        0.010364 
          51500            7350        0.999945               0               0       0.0104493 
          51500            7380        0.999945               0               0        0.010535 
          51500            7410        0.999944               0               0       0.0106213 
          51500            7440        0.999943               0               0       0.0107084 
          51500            7470        0.999942               0               0       0.0107962 
          51500            7500        0.999941               0               0       0.0108847 
          51500            7530         0.99994               0               0       0.0109735 
          51500            7560        0.999939               0               0       0.0110624 
          51500            7590        0.999938               0               0       0.0111512 
          51500            7620        0.999937               0               0       0.0112401 
          51500            7650        0.999936               0               0       0.0113289 
          51500            7680        0.999935               0               0       0.0114181 
          51500            7710        0.999934               0               0       0.0115081 
          51500            7740        0.999933               0               0       0.0115987 
          51500            7770        0.999932               0               0         0.01169 
          51500            7800        0.999931               0               0       0.0117821 
          51500            7830        0.999929               0               0       0.0118745 
          51500            7860        0.999928               0               0       0.0119669 
          51500            7890        0.999927               0               0       0.0120593 
          51500            7920        0.999926               0               0       0.0121517 
          51500            7950        0.999925               0               0       0.0122441 
          51500            7980        0.999924               0               0       0.0123368 
          51500            8010        0.999923               0               0       0.0124303 
          51500            8040        0.999922               0               0       0.0125245 
          51500            8070         0.99992               0               0       0.0126194 
          51500            8100        0.999919               0               0        0.012715 
          51500            8130        0.999918               0               0        0.012811 
          51500            8160        0.999917               0               0       0.0129069 
          51500            8190        0.999915               0               0       0.0130029 
          51500            8220        0.999914               0               0       0.0130988 
          51500            8250        0.999913               0               0       0.0131948 
          51500            8280        0.999912               0               0       0.0132911 
          51500            8310         0.99991               0               0       0.0133881 
          51500            8340        0.999909               0               0       0.0134858 
          51500            8370        0.999908               0               0       0.0135843 
          51500            8400        0.999906               0               0       0.0136834 
          51500            8430        0.999905               0               0        0.013783 
          51500            8460        0.999904               0               0       0.0138825 
          51500            8490        0.999902               0               0        0.013982 
          51500            8520        0.999901               0               0       0.0140815 
          51500            8550        0.999899               0               0        0.014181 
          51500            8580        0.999898               0               0       0.0142808 
          51500            8610        0.999897               0               0       0.0143814 
          51500            8640        0.999895               0               0       0.0144827 
          51500            8670        0.999894               0               0       0.0145847 
          51500            8700        0.999892               0               0       0.0146874 
          51500            8730        0.999891               0               0       0.0147905 
          51500            8760        0.999889               0               0       0.0148935 
          51500            8790        0.999888               0               0       0.0149966 
          51500            8820        0.999886               0               0       0.0150996 
          51500            8850        0.999884               0               0       0.0152027 
          51500            8880        0.999883               0               0       0.0153061 
          51500            8910        0.999881               0               0       0.0154102 
          51500            8940         0.99988               0               0       0.0155151 
          51500            8970        0.999878               0               0       0.0156206 
          51500            9000        0.999876               0               0       0.0157269 
          51500            9030        0.999875               0               0       0.0158335 
          51500            9060        0.999873               0               0       0.0159401 
          51500            9090        0.999871               0               0       0.0160467 
          51500            9120         0.99987               0               0       0.0161534 
          51500            9150        0.999868               0               0         0.01626 
          51500            9180        0.999866               0               0       0.0163669 
          51500            9210        0.999864               0               0       0.0164746 
          51500            9240        0.999862               0               0        0.016583 
          51500            9270        0.999861               0               0       0.0166921 
          51500            9300        0.999859               0               0       0.0168019 
          51500            9330        0.999857               0               0       0.0169121 
          51500            9360        0.999855               0               0       0.0170222 
          51500            9390        0.999853               0               0       0.0171324 
          51500            9420        0.999851               0               0       0.0172426 
          51500            9450        0.999849               0               0       0.0173527 
          51500            9480        0.999848               0               0       0.0174632 
          51500            9510        0.999846               0               0       0.0175745 
          51500            9540        0.999844               0               0       0.0176864 
          51500            9570        0.999842               0               0       0.0177991 
          51500            9600         0.99984               0               0       0.0179124 
          51500            9630        0.999838               0               0       0.0180261 
          51500            9660        0.999835               0               0       0.0181399 
          51500            9690        0.999833               0               0       0.0182536 
          51500            9720        0.999831               0               0       0.0183673 
          51500            9750        0.999829               0               0        0.018481 
          51500            9780        0.999827               0               0       0.0185951 
          51500            9810        0.999825               0               0       0.0187098 
          51500            9840        0.999823               0               0       0.0188253 
          51500            9870        0.999821               0               0       0.0189415 
          51500            9900        0.999818               0               0       0.0190585 
          51500            9930        0.999816               0               0       0.0191757 
          51500            9960        0.999814               0               0        0.019293 
          51500            9990        0.999812               0               0       0.0194103 
          51500           10020        0.999809               0               0       0.0195275 
          51500           10050        0.999807               0               0       0.0196448 
          51500           10080        0.999805               0               0       0.0197624 
          51500           10110        0.999802               0               0       0.0198808 
          51500           10140          0.9998               0               0       0.0199998 
          51500           10170        0.999798               0               0       0.0201195 
          51500           10200        0.999795               0               0         0.02024 
          51500           10230        0.999793               0               0       0.0203608 
          51500           10260         0.99979               0               0       0.0204816 
          51500           10290        0.999788               0               0       0.0206025 
          51500           10320        0.999785               0               0       0.0207233 
          51500           10350        0.999783               0               0       0.0208441 
          51500           10380         0.99978               0               0       0.0209653 
          51500           10410        0.999778               0               0       0.0210871 
          51500           10440        0.999775               0               0       0.0212097 
          51500           10470        0.999772               0               0        0.021333 
          51500           10500         0.99977               0               0       0.0214571 
          51500           10530        0.999767               0               0       0.0215814 
          51500           10560        0.999764               0               0       0.0217058 
          51500           10590        0.999762               0               0       0.0218302 
          51500           10620        0.999759               0               0       0.0219545 
          51500           10650        0.999756               0               0       0.0220789 
          51500           10680        0.999753               0               0       0.0222036 
          51500           10710        0.999751               0               0        0.022329 
          51500           10740        0.999748               0               0       0.0224552 
          51500           10770        0.999745               0               0        0.022582 
          51500           10800        0.999742               0               0       0.0227096 
          51500           10830        0.999739               0               0       0.0228375 
          51500           10860        0.999736               0               0       0.0229654 
          51500           10890        0.999733               0               0       0.0230934 
          51500           10920         0.99973               0               0       0.0232213 
          51500           10950        0.999727               0               0       0.0233492 
          51500           10980        0.999724               0               0       0.0234775 
          51500           11010        0.999721               0               0       0.0236064 
          51500           11040        0.999718               0               0       0.0237361 
          51500           11070        0.999715               0               0       0.0238665 
          51500           11100        0.999712               0               0       0.0239977 
          51500           11130        0.999709               0               0       0.0241291 
          51500           11160        0.999706               0               0       0.0242606 
          51500           11190        0.999702               0               0        0.024392 
          51500           11220        0.999699               0               0       0.0245235 
          51500           11250        0.999696               0               0        0.024655 
          51500           11280        0.999693               0               0       0.0247868 
          51500           11310        0.999689               0               0       0.0249193 
          51500           11340        0.999686               0               0       0.0250526 
          51500           11370        0.999683               0               0       0.0251865 
          51500           11400        0.999679               0               0       0.0253212 
          51500           11430        0.999676               0               0       0.0254562 
          51500           11460        0.999672               0               0       0.0255912 
          51500           11490        0.999669               0               0       0.0257262 
          51500           11520        0.999666               0               0       0.0258612 
          51500           11550        0.999662               0               0       0.0259963 
          51500           11580        0.999659               0               0       0.0261316 
          51500           11610        0.999655               0               0       0.0262677 
          51500           11640        0.999651               0               0       0.0264045 
          51500           11670        0.999648               0               0        0.026542 
          51500           11700        0.999644               0               0       0.0266802 
          51500           11730         0.99964               0               0       0.0268188 
          51500           11760        0.999637               0               0       0.0269573 
          51500           11790        0.999633               0               0       0.0270959 
          51500           11820        0.999629               0               0       0.0272344 
          51500           11850        0.999625               0               0        0.027373 
          51500           11880        0.999621               0               0       0.0275119 
          51500           11910        0.999618               0               0       0.0276516 
          51500           11940        0.999614               0               0       0.0277919 
          51500           11970         0.99961               0               0       0.0279329 
          51500           12000        0.999606               0               0       0.0280747 
          51500           12030        0.999602               0               0       0.0282168 
          51500           12060        0.999598               0               0       0.0283589 
          51500           12090        0.999594               0               0        0.028501 
          51500           12120         0.99959               0               0       0.0286431 
          51500           12150        0.999586               0               0       0.0287852 
          51500           12180        0.999581               0               0       0.0289277 
          51500           12210        0.999577               0               0       0.0290709 
          51500           12240        0.999573               0               0       0.0292148 
          51500           12270        0.999569               0               0       0.0293594 
          51500           12300        0.999565               0               0       0.0295047 
          51500           12330         0.99956               0               0       0.0296503 
          51500           12360        0.999556               0               0        0.029796 
          51500           12390        0.999552               0               0       0.0299416 
          51500           12420        0.999547               0               0       0.0300873 
          51500           12450        0.999543               0               0       0.0302329 
          51500           12480        0.999538               0               0        0.030379 
          51500           12510        0.999534               0               0       0.0305257 
          51500           12540        0.999529               0               0       0.0306731 
          51500           12570        0.999525               0               0       0.0308212 
          51500           12600         0.99952               0               0       0.0309701 
          51500           12630        0.999516               0               0       0.0311193 
          51500           12660        0.999511               0               0       0.0312685 
          51500           12690        0.999506               0               0       0.0314177 
          51500           12720        0.999502               0               0       0.0315669 
          51500           12750        0.999497               0               0       0.0317161 
          51500           12780        0.999492               0               0       0.0318657 
          51500           12810        0.999487               0               0       0.0320159 
          51500           12840        0.999483               0               0       0.0321669 
          51500           12870        0.999478               0               0       0.0323186 
          51500           12900        0.999473               0               0        0.032471 
          51500           12930        0.999468               0               0       0.0326237 
          51500           12960        0.999463               0               0       0.0327765 
          51500           12990        0.999458               0               0       0.0329292 
          51500           13020        0.999453               0               0        0.033082 
          51500           13050        0.999448               0               0       0.0332347 
          51500           13080        0.999442               0               0       0.0333878 
          51500           13110        0.999437               0               0       0.0335416 
          51500           13140        0.999432               0               0       0.0336962 
          51500           13170        0.999427               0               0       0.0338514 
          51500           13200        0.999422               0               0       0.0340073 
          51500           13230        0.999416               0               0       0.0341636 
          51500           13260        0.999411               0               0       0.0343199 
          51500           13290        0.999406               0               0       0.0344762 
          51500           13320          0.9994               0               0       0.0346325 
          51500           13350        0.999395               0               0       0.0347888 
          51500           13380        0.999389               0               0       0.0349454 
          51500           13410        0.999384               0               0       0.0351028 
          51500           13440        0.999378               0               0       0.0352608 
          51500           13470        0.999373               0               0       0.0354196 
          51500           13500        0.999367               0               0       0.0355791 
          51500           13530        0.999361               0               0       0.0357389 
          51500           13560        0.999355               0               0       0.0358988 
          51500           13590         0.99935               0               0       0.0360586 
          51500           13620        0.999344               0               0       0.0362184 
          51500           13650        0.999338               0               0       0.0363783 
          51500           13680        0.999332               0               0       0.0365385 
          51500           13710        0.999326               0               0       0.0366994 
          51500           13740         0.99932               0               0        0.036861 
          51500           13770        0.999314               0               0       0.0370233 
          51500           13800        0.999308               0               0       0.0371863 
          51500           13830        0.999302               0               0       0.0373497 
          51500           13860        0.999296               0               0       0.0375131 
          51500           13890         0.99929               0               0       0.0376765 
          51500           13920        0.999284               0               0       0.0378398 
          51500           13950        0.999278               0               0       0.0380032 
          51500           13980        0.999271               0               0       0.0381669 
          51500           14010        0.999265               0               0       0.0383314 
          51500           14040        0.999259               0               0       0.0384965 
          51500           14070        0.999252               0               0       0.0386624 
          51500           14100        0.999246               0               0        0.038829 
          51500           14130        0.999239               0               0       0.0389959 
          51500           14160        0.999233               0               0       0.0391628 
          51500           14190        0.999226               0               0       0.0393297 
          51500           14220         0.99922               0               0       0.0394966 
          51500           14250        0.999213               0               0       0.0396635 
          51500           14280        0.999206               0               0       0.0398308 
          51500           14310          0.9992               0               0       0.0399988 
          51500           14340        0.999193               0               0       0.0401675 
          51500           14370        0.999186               0               0       0.0403369 
          51500           14400        0.999179               0               0        0.040507 
          51500           14430        0.999172               0               0       0.0406774 
          51500           14460        0.999165               0               0       0.0408479 
          51500           14490        0.999158               0               0       0.0410184 
          51500           14520        0.999151               0               0       0.0411888 
          51500           14550        0.999144               0               0       0.0413593 
          51500           14580        0.999137               0               0       0.0415301 
          51500           14610         0.99913               0               0       0.0417016 
          51500           14640        0.999123               0               0       0.0418739 
          51500           14670        0.999116               0               0       0.0420468 
          51500           14700        0.999108               0               0       0.0422205 
          51500           14730        0.999101               0               0       0.0423945 
          51500           14760        0.999094               0               0       0.0425684 
          51500           14790        0.999086               0               0       0.0427424 
          51500           14820        0.999079               0               0       0.0429164 
          51500           14850        0.999071               0               0       0.0430904 
          51500           14880        0.999064               0               0       0.0432648 
          51500           14910        0.999056               0               0       0.0434398 
          51500           14940        0.999048               0               0       0.0436156 
          51500           14970        0.999041               0               0       0.0437921 
