CIC_AEM_VERS = 1.0
CREATION_DATE = 2015-09-29T05:40:56.707
ORIGINATOR = DOCKing System

META_START

OBJECT_NAME = Birdy
OBJECT_ID = Birdy
REF_FRAME_A = EME2000
REF_FRAME_B = SC_BODY_1
ATTITUDE_DIR = A2B
TIME_SYSTEM = UTC
ATTITUDE_TYPE = QUATERNION

META_STOP

51500 10.000000 1.000000 0.000000 0.000000 0.000000
51500 10.600000 0.954375 0.026366 0.158572 -0.251651
51500 11.200000 0.823638 -0.016605 0.316919 -0.470008
51500 11.800000 0.626676 -0.123669 0.449431 -0.624496
51500 12.400000 0.392468 -0.279374 0.534436 -0.694476
51500 13.000000 0.154676 -0.461266 0.557427 -0.672744
51500 13.600000 -0.053737 -0.643917 0.512439 -0.565587
51500 14.200000 -0.204348 -0.802294 0.402323 -0.390770
51500 14.800000 -0.276159 -0.914366 0.238776 -0.175093
51500 15.400000 -0.258571 -0.963863 0.041891 0.048528
51500 16.000000 -0.154144 -0.943248 -0.162101 0.245452
51500 16.600000 0.020907 -0.855564 -0.345417 0.385045
51500 17.200000 0.239571 -0.713796 -0.484122 0.445787
51500 17.800000 0.469066 -0.538120 -0.561977 0.417834
51500 18.400000 0.675762 -0.352678 -0.571823 0.303286
51500 19.000000 0.829100 -0.182853 -0.515549 0.115616
51500 19.600000 0.905312 -0.052522 -0.403717 -0.121091
51500 20.200000 0.891386 0.019467 -0.254777 -0.374354
51500 20.800000 0.788012 0.023036 -0.092857 -0.608181
51500 21.400000 0.609532 -0.040963 0.056031 -0.789717
51500 22.000000 0.380646 -0.161354 0.168126 -0.894878
51500 22.600000 0.131928 -0.319175 0.224994 -0.911099
51500 23.200000 -0.103966 -0.490657 0.215524 -0.837852
51500 23.800000 -0.295508 -0.650001 0.137576 -0.686474
51500 24.400000 -0.416207 -0.772573 -0.000758 -0.479481
51500 25.000000 -0.449413 -0.838774 -0.181459 -0.248108
51500 25.600000 -0.392044 -0.837531 -0.379601 -0.027339
51500 26.200000 -0.255105 -0.767786 -0.568224 0.150156
51500 26.800000 -0.061012 -0.637763 -0.722896 0.258761
51500 27.400000 0.160357 -0.463265 -0.824527 0.282536
51500 28.000000 0.375483 -0.266078 -0.860958 0.216719
51500 28.600000 0.551181 -0.072038 -0.828401 0.069008
51500 29.200000 0.659485 0.092338 -0.732724 -0.140244
51500 29.800000 0.682624 0.204657 -0.589313 -0.380593
51500 30.400000 0.615940 0.251071 -0.420635 -0.616966
51500 31.000000 0.467610 0.228294 -0.252313 -0.815819
51500 31.600000 0.256326 0.143078 -0.109386 -0.949663
51500 32.200000 0.008814 0.010480 -0.013420 -0.999816
51500 32.800000 -0.242560 -0.148066 0.020137 -0.958559
51500 33.400000 -0.463385 -0.307205 -0.015319 -0.831063
51500 34.000000 -0.622781 -0.441229 -0.115614 -0.635685
51500 34.600000 -0.699385 -0.528260 -0.266262 -0.401132
51500 35.200000 -0.685018 -0.553504 -0.445454 -0.161104
51500 35.800000 -0.584921 -0.510692 -0.628050 0.051133
51500 36.400000 -0.415885 -0.402375 -0.788938 0.206668
51500 37.000000 -0.203874 -0.239989 -0.905686 0.283854
51500 37.600000 0.018767 -0.043423 -0.961315 0.271358
51500 38.200000 0.217582 0.161174 -0.947337 0.170977
51500 38.800000 0.361673 0.345936 -0.865747 -0.001683
51500 39.400000 0.428855 0.486698 -0.728582 -0.219946
51500 40.000000 0.408387 0.566908 -0.555303 -0.451081
51500 40.600000 0.301345 0.579081 -0.369633 -0.661233
51500 41.200000 0.120171 0.524776 -0.196857 -0.819400
51500 41.800000 -0.112012 0.414264 -0.061120 -0.901167
51500 42.400000 -0.363449 0.265766 0.018048 -0.892719
51500 43.000000 -0.598455 0.103307 0.029569 -0.793917
51500 43.600000 -0.783979 -0.047056 -0.026849 -0.618419
51500 44.200000 -0.895299 -0.161378 -0.141055 -0.390514
51500 44.800000 -0.918937 -0.220946 -0.294880 -0.140655
51500 45.400000 -0.853310 -0.214315 -0.465033 0.098360
51500 46.000000 -0.708642 -0.138966 -0.625875 0.294611
51500 46.600000 -0.506413 -0.002609 -0.752540 0.420978
51500 47.200000 -0.277088 0.177054 -0.824801 0.459975
51500 47.800000 -0.055304 0.375244 -0.830642 0.407637
51500 48.400000 0.126133 0.564958 -0.767927 0.274227
51500 49.000000 0.241092 0.721570 -0.643852 0.081645
51500 49.600000 0.272823 0.825704 -0.473339 -0.140468
51500 50.200000 0.215532 0.864855 -0.277515 -0.358549
51500 50.800000 0.075738 0.834845 -0.081881 -0.539066
51500 51.400000 -0.127376 0.741137 0.086922 -0.653403
51500 52.000000 -0.364283 0.598781 0.205900 -0.682909
51500 52.600000 -0.600375 0.430050 0.260220 -0.622007
51500 53.200000 -0.802056 0.260541 0.245472 -0.478087
51500 53.800000 -0.941368 0.115423 0.167317 -0.269274
51500 54.400000 -0.998827 0.016501 0.039877 -0.021961
51500 55.000000 -0.965649 -0.020412 -0.116141 0.231552
51500 55.600000 -0.845772 0.011744 -0.275765 0.456602
51500 56.200000 -0.656351 0.109297 -0.413226 0.621693
51500 56.800000 -0.425158 0.258154 -0.506123 0.704583
51500 57.400000 -0.185392 0.436724 -0.538789 0.696138
51500 58.000000 0.029765 0.619912 -0.503923 0.600738
51500 58.600000 0.191094 0.782504 -0.402979 0.434487
51500 59.200000 0.276270 0.901839 -0.246323 0.222904
51500 59.800000 0.272923 0.960577 -0.052934 -0.001821
51500 60.400000 0.181543 0.949756 0.151584 -0.205008
51500 61.000000 0.016414 0.870867 0.339395 -0.355150
51500 61.600000 -0.196859 0.735525 0.485839 -0.429196
51500 62.200000 -0.426167 0.562916 0.573490 -0.415472
51500 62.800000 -0.637836 0.376641 0.593802 -0.314174
51500 63.400000 -0.800619 0.202006 0.547209 -0.136985
51500 64.000000 -0.889438 0.063346 0.442870 0.093559
51500 64.600000 -0.889419 -0.019442 0.298065 0.345995
51500 65.200000 -0.799115 -0.034743 0.136228 0.584509
51500 65.800000 -0.630879 0.018295 -0.016694 0.775486
51500 66.400000 -0.407944 0.129989 -0.136392 0.893354
51500 67.000000 -0.160046 0.282491 -0.203453 0.923683
51500 67.600000 0.080376 0.452677 -0.205463 0.863949
51500 68.200000 0.281357 0.614914 -0.138732 0.723514
51500 68.800000 0.415242 0.744158 -0.009723 0.523171
51500 69.400000 0.463500 0.819810 0.164975 0.293022
51500 70.000000 0.420802 0.829332 0.361302 0.067787
51500 70.600000 0.296004 0.770048 0.552442 -0.119231
51500 71.200000 0.109833 0.648677 0.713451 -0.241127
51500 71.800000 -0.108910 0.479767 0.824275 -0.280238
51500 72.400000 -0.327114 0.284175 0.871454 -0.229803
51500 73.000000 -0.511265 0.087288 0.849643 -0.095369
51500 73.600000 -0.632222 -0.084140 0.763055 0.104704
51500 74.200000 -0.670327 -0.206732 0.625619 0.341356
51500 74.800000 -0.618707 -0.265095 0.458842 0.579991
51500 75.400000 -0.483422 -0.254216 0.288017 0.786590
51500 76.000000 -0.281405 -0.179225 0.138421 0.932485
51500 76.600000 -0.038065 -0.053818 0.032368 0.997300
51500 77.200000 0.214984 0.101594 -0.013446 0.971226
51500 77.800000 0.443292 0.262157 0.009258 0.857135
51500 78.400000 0.614951 0.401996 0.098185 0.671263
51500 79.000000 0.706730 0.498364 0.240487 0.440832
51500 79.600000 0.708154 0.535108 0.415447 0.198951
51500 80.200000 0.622201 0.504385 0.598353 -0.020871
51500 80.800000 0.463683 0.407105 0.763949 -0.188799
51500 81.400000 0.257031 0.253103 0.889124 -0.281660
51500 82.000000 0.033663 0.060916 0.955692 -0.286023
51500 82.600000 -0.171993 -0.144101 0.953499 -0.201230
51500 83.200000 -0.328069 -0.334038 0.882692 -0.040556
51500 83.800000 -0.410630 -0.483869 0.753655 0.171051
51500 84.400000 -0.406791 -0.575631 0.584654 0.401683
51500 85.000000 -0.315435 -0.600194 0.398729 0.617481
51500 85.600000 -0.146887 -0.557420 0.221010 0.786678
51500 86.200000 0.077597 -0.455933 0.076103 0.883353
51500 86.800000 0.327543 -0.312566 -0.015316 0.891506
51500 87.400000 0.567558 -0.150491 -0.040397 0.808454
51500 88.000000 0.763764 0.004332 0.003142 0.645474
51500 88.600000 0.889742 0.127347 0.106956 0.425091
51500 89.200000 0.929864 0.198714 0.254214 0.176752
51500 89.800000 0.880239 0.205475 0.422450 -0.067045
51500 90.400000 0.748797 0.143299 0.586281 -0.273941
51500 91.000000 0.554964 0.017961 0.720448 -0.415509
51500 91.600000 0.327796 -0.154544 0.803610 -0.472098
51500 92.200000 0.101540 -0.350482 0.822072 -0.437092
51500 92.800000 -0.090341 -0.543034 0.771825 -0.318181
51500 93.400000 -0.220257 -0.706987 0.658301 -0.135262
51500 94.000000 -0.269521 -0.821854 0.494944 0.083330
51500 94.600000 -0.230060 -0.873648 0.301741 0.304573
51500 95.200000 -0.105896 -0.856391 0.103577 0.494623
51500 95.800000 0.086148 -0.773611 -0.072758 0.623547
51500 96.400000 0.318252 -0.638622 -0.203197 0.670514
51500 97.000000 0.556427 -0.472544 -0.271160 0.627346
51500 97.600000 0.766609 -0.300562 -0.270222 0.498952
51500 98.200000 0.919539 -0.148091 -0.204151 0.301397
51500 98.800000 0.993847 -0.037780 -0.085448 0.059500
51500 99.400000 0.978385 0.013140 0.066400 -0.195400
51500 100.000000 0.874437 -0.004330 0.227092 -0.428685
51500 100.600000 0.696648 -0.088698 0.370751 -0.607749
51500 101.200000 0.471000 -0.227803 0.474049 -0.708196
51500 101.800000 0.229925 -0.401353 0.519819 -0.718219
51500 102.400000 0.006827 -0.584773 0.498965 -0.639553
51500 103.000000 -0.168094 -0.752712 0.411069 -0.485995
51500 103.600000 -0.270852 -0.881770 0.264633 -0.281232
51500 104.200000 -0.286728 -0.953251 0.076998 -0.056308
51500 104.800000 -0.213414 -0.956280 -0.127270 0.154224
51500 105.400000 -0.062444 -0.890194 -0.320397 0.317805
51500 106.000000 0.142618 -0.764666 -0.476808 0.409391
51500 106.600000 0.370707 -0.597478 -0.577492 0.414848
51500 107.200000 0.588220 -0.411428 -0.612050 0.331844
51500 107.800000 0.763140 -0.231607 -0.578972 0.169608
51500 108.400000 0.868764 -0.082814 -0.485526 -0.051535
51500 109.000000 0.887778 0.013776 -0.347331 -0.301699
51500 109.600000 0.815815 0.044545 -0.186747 -0.545515
51500 110.200000 0.662468 0.006331 -0.029497 -0.748482
51500 110.800000 0.448890 -0.093298 0.099516 -0.883114
51500 111.400000 0.203601 -0.238061 0.179643 -0.932524
51500 112.000000 -0.041387 -0.405815 0.196807 -0.891554
51500 112.600000 -0.253731 -0.571275 0.145277 -0.766916
51500 113.200000 -0.404413 -0.709001 0.029277 -0.576984
51500 113.800000 -0.472533 -0.797149 -0.136643 -0.350135
51500 114.400000 -0.449731 -0.821273 -0.329737 -0.120525
51500 115.000000 -0.341899 -0.776527 -0.523497 0.077859
51500 115.600000 -0.167399 -0.667608 -0.692394 0.216490
51500 116.200000 0.046523 -0.507351 -0.815180 0.275522
51500 116.800000 0.267494 -0.315281 -0.876768 0.245608
51500 117.400000 0.461757 -0.116004 -0.869811 0.129429
51500 118.000000 0.598804 0.063632 -0.796295 -0.057435
51500 118.600000 0.656560 0.199088 -0.668095 -0.287997
51500 119.200000 0.625209 0.272978 -0.505296 -0.528462
51500 119.800000 0.507978 0.277967 -0.332604 -0.744356
51500 120.400000 0.319420 0.216998 -0.175505 -0.905583
51500 121.000000 0.083095 0.101899 -0.057165 -0.989669
51500 121.600000 -0.170588 -0.048355 0.004198 -0.984146
51500 122.200000 -0.407390 -0.209736 -0.001848 -0.888842
51500 122.800000 -0.594299 -0.356303 -0.075497 -0.717048
51500 123.400000 -0.705721 -0.464313 -0.206190 -0.493820
51500 124.000000 -0.728171 -0.515909 -0.374773 -0.251296
51500 124.600000 -0.661606 -0.501223 -0.557240 -0.023160
51500 125.200000 -0.518190 -0.419033 -0.728276 0.159702
51500 125.800000 -0.320199 -0.277046 -0.864044 0.272298
51500 126.400000 -0.097645 -0.091869 -0.944918 0.298588
51500 127.000000 0.115350 0.112406 -0.958630 0.234710
51500 127.600000 0.285863 0.308040 -0.902863 0.090730
51500 128.200000 0.387787 0.469001 -0.785734 -0.110826
51500 128.800000 0.405510 0.575535 -0.623828 -0.339353
51500 129.400000 0.335058 0.616396 -0.439194 -0.561160
51500 130.000000 0.183978 0.589251 -0.256609 -0.743698
51500 130.600000 -0.029043 0.500564 -0.101073 -0.859288
51500 131.200000 -0.275445 0.365242 0.005418 -0.889213
51500 131.800000 -0.520516 0.205168 0.047832 -0.827455
51500 132.400000 -0.729527 0.045963 0.021251 -0.682075
51500 133.000000 -0.873984 -0.087182 -0.068418 -0.473149
51500 133.600000 -0.935541 -0.173072 -0.206215 -0.228659
51500 134.200000 -0.907367 -0.196887 -0.370867 0.019465
51500 134.800000 -0.794400 -0.152017 -0.537510 0.238541
51500 135.400000 -0.613280 -0.041684 -0.680565 0.398724
51500 136.000000 -0.390981 0.120488 -0.777415 0.477747
51500 136.600000 -0.160947 0.312347 -0.812271 0.465565
51500 137.200000 0.042726 0.507486 -0.778685 0.366445
51500 137.800000 0.190736 0.680075 -0.679784 0.197511
51500 138.400000 0.262001 0.808312 -0.527038 -0.014754
51500 139.000000 0.245607 0.876407 -0.338851 -0.238259
51500 139.600000 0.142377 0.876158 -0.139093 -0.439009
51500 140.200000 -0.034049 0.808572 0.045507 -0.585646
51500 140.800000 -0.258296 0.684597 0.189745 -0.654681
51500 141.400000 -0.497472 0.523664 0.274868 -0.634623
51500 142.000000 -0.717142 0.350234 0.291856 -0.527128
51500 142.600000 -0.886571 0.189894 0.241976 -0.345515
51500 143.200000 -0.982134 0.066210 0.135593 -0.112444
51500 143.800000 -0.989789 -0.001943 -0.009516 0.142209
51500 144.400000 -0.907430 -0.003186 -0.170095 0.384224
51500 145.000000 -0.746337 0.063799 -0.320359 0.579898
51500 145.600000 -0.529918 0.189492 -0.435997 0.702273
51500 146.200000 -0.289367 0.355428 -0.498018 0.736149
51500 146.800000 -0.058142 0.537892 -0.495109 0.679823
51500 147.400000 0.132492 0.711529 -0.424479 0.544050
51500 148.000000 0.256645 0.852186 -0.292224 0.350026
51500 148.600000 0.296803 0.939621 -0.113441 0.127091
51500 149.200000 0.247125 0.960627 0.088877 -0.090696
51500 149.800000 0.115538 0.911770 0.287339 -0.269747
51500 150.400000 -0.077267 0.800130 0.455394 -0.382672
51500 151.000000 -0.301825 0.641551 0.572128 -0.412291
51500 151.600000 -0.524892 0.457659 0.624802 -0.353072
51500 152.200000 -0.713712 0.273094 0.609489 -0.211088
51500 152.800000 -0.839777 0.113012 0.531026 -0.003722
51500 153.400000 -0.882864 -0.000038 0.402819 0.241428
51500 154.000000 -0.834938 -0.050051 0.245639 0.489933
51500 154.600000 -0.701940 -0.030915 0.084662 0.706510
51500 155.200000 -0.502185 0.052574 -0.054642 0.861429
51500 155.800000 -0.262443 0.186288 -0.150241 0.934798
51500 156.400000 -0.013975 0.349485 -0.186061 0.918176
51500 157.000000 0.210678 0.517519 -0.153900 0.814926
51500 157.600000 0.381114 0.664684 -0.055145 0.640239
51500 158.200000 0.473688 0.767800 0.098372 0.420031
51500 158.800000 0.476323 0.810132 0.285818 0.187380
51500 159.400000 0.391047 0.784132 0.481333 -0.023186
51500 160.000000 0.233047 0.691900 0.658854 -0.181316
51500 160.600000 0.027366 0.544056 0.795777 -0.264562
51500 161.200000 -0.194776 0.358313 0.875124 -0.260446
51500 161.800000 -0.399647 0.158070 0.887152 -0.168100
51500 162.400000 -0.555345 -0.030027 0.831078 0.000500
51500 163.000000 -0.637014 -0.180287 0.716074 0.221243
51500 163.600000 -0.631221 -0.272982 0.560208 0.461745
51500 164.200000 -0.537572 -0.297892 0.387229 0.687263
51500 164.800000 -0.367531 -0.255158 0.222659 0.866163
51500 165.400000 -0.142197 -0.154193 0.090552 0.973553
51500 166.000000 0.109771 -0.012041 0.010801 0.993825
51500 166.600000 0.354782 0.148506 -0.003647 0.923072
51500 167.200000 0.558847 0.301721 0.050477 0.770783
51500 167.800000 0.693741 0.422860 0.165585 0.559012
51500 168.400000 0.742310 0.492134 0.324705 0.318349
51500 169.000000 0.700716 0.497240 0.504936 0.082398
51500 169.600000 0.577711 0.434368 0.681110 -0.116890
51500 170.200000 0.392765 0.308553 0.828712 -0.252521
51500 170.800000 0.173869 0.133885 0.926570 -0.305471
51500 171.400000 -0.045605 -0.067402 0.959966 -0.268034
51500 172.000000 -0.231838 -0.268122 0.923568 -0.146232
51500 172.600000 -0.356319 -0.441303 0.822575 0.040729
51500 173.200000 -0.400175 -0.565144 0.671330 0.264176
51500 173.800000 -0.355958 -0.625858 0.490463 0.490961
51500 174.400000 -0.227760 -0.618450 0.304123 0.687862
51500 175.000000 -0.030997 -0.546719 0.137515 0.825365
51500 175.600000 0.208431 -0.423097 0.013936 0.881675
51500 176.200000 0.457091 -0.267624 -0.049120 0.846777
51500 176.800000 0.679652 -0.105200 -0.043571 0.724643
51500 177.400000 0.845358 0.038492 0.027797 0.532086
51500 178.000000 0.932673 0.140804 0.152496 0.295026
51500 178.600000 0.931231 0.184812 0.310933 0.044436
51500 179.200000 0.842336 0.161225 0.479094 -0.186935
51500 179.800000 0.679098 0.070181 0.631304 -0.367907
51500 180.400000 0.465644 -0.077739 0.743673 -0.473374
51500 181.000000 0.233987 -0.262603 0.798061 -0.489273
51500 181.600000 0.018570 -0.458863 0.785107 -0.415580
51500 182.200000 -0.149483 -0.640208 0.705081 -0.265799
51500 182.800000 -0.246385 -0.783430 0.566967 -0.063868
51500 183.400000 -0.257911 -0.870733 0.387107 0.159544
51500 184.000000 -0.181091 -0.891359 0.187884 0.370655
51500 184.600000 -0.025602 -0.843316 -0.004436 0.536789
51500 185.200000 0.186490 -0.734544 -0.163645 0.631575
51500 185.800000 0.424074 -0.582157 -0.268624 0.639606
51500 186.400000 0.652691 -0.409429 -0.307247 0.558535
51500 187.000000 0.840122 -0.241891 -0.277698 0.398205
51500 187.600000 0.960275 -0.103965 -0.187628 0.178493
51500 188.200000 0.995826 -0.016266 -0.052618 -0.072788
51500 188.800000 0.940688 0.007183 0.105592 -0.322342
51500 189.400000 0.801958 -0.038266 0.261664 -0.535659
51500 190.000000 0.599594 -0.146390 0.390435 -0.683094
51500 190.600000 0.362856 -0.301235 0.470967 -0.745509
51500 191.200000 0.124908 -0.480422 0.489381 -0.717007
51500 191.800000 -0.082022 -0.658860 0.440106 -0.604552
51500 192.400000 -0.230052 -0.811767 0.326335 -0.426166
51500 193.000000 -0.298629 -0.917336 0.160342 -0.208821
51500 193.600000 -0.277862 -0.959795 -0.037106 0.014482
51500 194.200000 -0.171242 -0.932445 -0.239506 0.209428
51500 194.800000 0.004304 -0.839119 -0.419552 0.346174
51500 195.400000 0.221663 -0.693111 -0.554256 0.404058
51500 196.000000 0.448398 -0.514410 -0.628197 0.373752
51500 196.600000 0.651255 -0.326867 -0.634579 0.257555
51500 197.200000 0.799952 -0.155741 -0.575354 0.069199
51500 197.800000 0.871148 -0.024832 -0.461160 -0.166783
51500 198.400000 0.852571 0.047309 -0.310593 -0.417632
51500 199.000000 0.745687 0.051166 -0.147790 -0.647681
51500 199.600000 0.565110 -0.011927 0.001484 -0.824928
51500 200.200000 0.335191 -0.130645 0.113787 -0.926084
51500 200.800000 0.085967 -0.286168 0.170896 -0.938889
51500 201.400000 -0.150158 -0.454898 0.161816 -0.862749
51500 202.000000 -0.341621 -0.611168 0.084630 -0.708947
51500 202.600000 -0.461985 -0.730572 -0.052218 -0.500107
51500 203.200000 -0.494962 -0.793930 -0.230534 -0.267473
51500 203.800000 -0.437916 -0.790538 -0.425665 -0.045688
51500 204.400000 -0.301954 -0.719359 -0.611253 0.133104
51500 205.000000 -0.109191 -0.588253 -0.763345 0.243600
51500 205.600000 0.110915 -0.412636 -0.862919 0.269815
51500 206.200000 0.325102 -0.214181 -0.897591 0.206798
51500 206.800000 0.500357 -0.018845 -0.863379 0.062167
51500 207.400000 0.608955 0.146813 -0.766127 -0.143770
51500 208.000000 0.633363 0.260629 -0.621188 -0.380853
51500 208.600000 0.568834 0.309044 -0.450785 -0.614583
51500 209.200000 0.422984 0.288790 -0.280163 -0.811907
51500 209.800000 0.213779 0.206280 -0.134110 -0.945389
51500 210.400000 -0.032517 0.076089 -0.034209 -0.995983
51500 211.000000 -0.283602 -0.080760 0.003921 -0.955527
51500 211.600000 -0.504988 -0.239198 -0.026516 -0.828896
51500 212.200000 -0.665854 -0.373740 -0.121597 -0.634169
51500 212.800000 -0.744948 -0.462579 -0.267272 -0.399548
51500 213.400000 -0.733881 -0.490694 -0.442325 -0.158069
51500 214.000000 -0.637238 -0.451254 -0.622091 0.057445
51500 214.600000 -0.470927 -0.346167 -0.781579 0.218013
51500 215.200000 -0.260195 -0.186404 -0.898144 0.301479
51500 215.800000 -0.036958 0.008369 -0.954482 0.295850
51500 216.400000 0.164530 0.212180 -0.941804 0.202274
51500 217.000000 0.313393 0.397445 -0.861714 0.035650
51500 217.600000 0.387139 0.540238 -0.725619 -0.178166
51500 218.200000 0.374260 0.623885 -0.552200 -0.407151
51500 218.800000 0.274773 0.640294 -0.364557 -0.617755
51500 219.400000 0.100101 0.590123 -0.187780 -0.778764
51500 220.000000 -0.127359 0.482757 -0.046232 -0.865210
51500 220.600000 -0.376325 0.335738 0.040092 -0.862585
51500 221.200000 -0.611456 0.172632 0.059514 -0.769921
51500 221.800000 -0.799847 0.019274 0.011021 -0.599793
51500 222.400000 -0.916449 -0.100304 -0.096109 -0.375264
51500 223.000000 -0.946844 -0.166913 -0.244550 -0.125782
51500 223.600000 -0.888090 -0.168337 -0.411631 0.116266
51500 224.200000 -0.749030 -0.101170 -0.571970 0.318698
51500 224.800000 -0.550030 0.027737 -0.700642 0.453649
51500 225.400000 -0.320777 0.201508 -0.777080 0.502636
51500 226.000000 -0.095460 0.396138 -0.788600 0.460513
51500 226.600000 0.093138 0.585181 -0.732033 0.336177
51500 227.200000 0.218326 0.744075 -0.613303 0.150152
51500 227.800000 0.262230 0.852892 -0.446147 -0.069018
51500 228.400000 0.217570 0.898101 -0.250900 -0.288317
51500 229.000000 0.089320 0.874302 -0.052776 -0.474166
51500 229.600000 -0.104766 0.785782 0.121440 -0.597347
51500 230.200000 -0.336351 0.646553 0.248270 -0.638122
51500 230.800000 -0.571610 0.478038 0.312097 -0.589353
51500 231.400000 -0.777079 0.305290 0.307377 -0.456581
51500 232.000000 -0.924128 0.153408 0.238431 -0.256132
51500 232.600000 -0.991918 0.044674 0.118038 -0.013058
51500 233.200000 -0.969912 -0.004127 -0.034168 0.241011
51500 233.800000 -0.860219 0.015379 -0.193861 0.471387
51500 234.400000 -0.678286 0.101013 -0.335386 0.645941
51500 235.000000 -0.450452 0.240159 -0.435874 0.741236
51500 235.600000 -0.208934 0.412456 -0.478627 0.746420
51500 236.200000 0.013347 0.593519 -0.454874 0.663812
51500 236.800000 0.186612 0.758195 -0.364441 0.507444
51500 237.400000 0.287180 0.883245 -0.216172 0.301124
51500 238.000000 0.300760 0.950261 -0.027847 0.075976
51500 238.600000 0.225630 0.948881 0.175707 -0.133578
51500 239.200000 0.073868 0.878998 0.366909 -0.295440
51500 239.800000 -0.130783 0.750577 0.520756 -0.385153
51500 240.400000 -0.357436 0.581344 0.618827 -0.389015
51500 241.000000 -0.572762 0.393890 0.651038 -0.304868
51500 241.600000 -0.744961 0.213174 0.615958 -0.142077
51500 242.200000 -0.847575 0.063943 0.520882 0.078802
51500 242.800000 -0.863717 -0.032774 0.381504 0.327680
51500 243.400000 -0.789519 -0.063676 0.220210 0.569308
51500 244.000000 -0.634830 -0.025937 0.062592 0.769675
51500 244.600000 -0.420650 0.072725 -0.066670 0.901842
51500 245.200000 -0.175129 0.216104 -0.147103 0.949205
51500 245.800000 0.069983 0.382204 -0.164711 0.906583
51500 246.400000 0.282378 0.545861 -0.113858 0.780599
51500 247.000000 0.433045 0.681774 0.001069 0.589623
51500 247.600000 0.501235 0.768337 0.165407 0.362026
51500 248.200000 0.478843 0.791343 0.356539 0.131775
51500 248.800000 0.371847 0.745998 0.548327 -0.067485
51500 249.400000 0.198416 0.636787 0.715598 -0.207492
51500 250.000000 -0.014534 0.476236 0.837225 -0.268407
51500 250.600000 -0.234880 0.283684 0.898001 -0.240726
51500 251.200000 -0.429015 0.083737 0.890400 -0.126971
51500 251.800000 -0.566559 -0.096730 0.816309 0.057394
51500 252.400000 -0.625557 -0.233271 0.687531 0.285596
51500 253.000000 -0.596138 -0.308655 0.523973 0.524218
51500 253.600000 -0.481174 -0.315569 0.350065 0.739150
51500 254.200000 -0.294682 -0.256731 0.191062 0.900415
51500 254.800000 -0.059773 -0.143601 0.070083 0.985340
51500 255.400000 0.193337 0.005206 0.005467 0.981103
51500 256.000000 0.430430 0.165925 0.007829 0.887208
51500 256.600000 0.618501 0.312798 0.077605 0.716652
51500 257.200000 0.731979 0.422156 0.204567 0.494109
51500 257.800000 0.757223 0.476025 0.369998 0.251230
51500 258.400000 0.693731 0.464185 0.550287 0.021310
51500 259.000000 0.553008 0.384924 0.720311 -0.164828
51500 259.600000 0.356704 0.245505 0.856165 -0.281905
51500 260.200000 0.134394 0.062235 0.938005 -0.313387
51500 260.800000 -0.080027 -0.141010 0.953290 -0.254853
51500 261.400000 -0.253689 -0.336701 0.899372 -0.115774
51500 262.000000 -0.360299 -0.498974 0.783894 0.081977
51500 262.600000 -0.383752 -0.608022 0.622855 0.308377
51500 263.200000 -0.319320 -0.652222 0.437774 0.530090
51500 263.800000 -0.173730 -0.628611 0.253148 0.714551
51500 264.400000 0.035026 -0.542952 0.094016 0.833749
51500 265.000000 0.278892 -0.409553 -0.017347 0.868438
51500 265.600000 0.523499 -0.249853 -0.065460 0.811934
51500 266.200000 0.734272 -0.089215 -0.044839 0.671473
51500 266.800000 0.882548 0.047195 0.039278 0.466197
51500 267.400000 0.949384 0.137941 0.172618 0.223260
51500 268.000000 0.927006 0.167690 0.334469 -0.025894
51500 268.600000 0.819284 0.129160 0.500287 -0.248605
51500 269.200000 0.641885 0.024851 0.644557 -0.414622
51500 269.800000 0.421042 -0.132324 0.744469 -0.500979
51500 270.400000 0.189724 -0.320869 0.783783 -0.496721
51500 271.000000 -0.018111 -0.514862 0.755326 -0.405058
51500 271.600000 -0.172882 -0.688629 0.661307 -0.242025
51500 272.200000 -0.252803 -0.820107 0.512265 -0.033161
51500 272.800000 -0.245928 -0.892869 0.325864 0.190043
51500 273.400000 -0.151883 -0.897844 0.125558 0.393755
51500 274.000000 0.016879 -0.835107 -0.061996 0.546323
51500 274.600000 0.236025 -0.714723 -0.211338 0.623538
51500 275.200000 0.473403 -0.555376 -0.303172 0.612808
51500 275.800000 0.694857 -0.381000 -0.327664 0.514440
51500 276.400000 0.869364 -0.216976 -0.285083 0.340375
51500 277.000000 0.972481 -0.087061 -0.184755 0.112105
51500 277.600000 0.988957 -0.010714 -0.043547 -0.141257
51500 278.200000 0.915289 -0.000229 0.115929 -0.385754
51500 278.800000 0.761356 -0.058048 0.268151 -0.587421
51500 279.400000 0.549333 -0.175818 0.388625 -0.718535
51500 280.000000 0.309508 -0.336119 0.457748 -0.762689
51500 280.600000 0.074933 -0.515932 0.463223 -0.716675
51500 281.200000 -0.122958 -0.690152 0.401087 -0.589662
51500 281.800000 -0.257516 -0.834413 0.276228 -0.401420
51500 282.400000 -0.309960 -0.927845 0.102670 -0.180241
51500 283.000000 -0.272836 -0.956269 -0.097398 0.040307
51500 283.600000 -0.152325 -0.915048 -0.296982 0.226462
51500 284.200000 0.032448 -0.809979 -0.469445 0.350003
51500 284.800000 0.253165 -0.655718 -0.593272 0.392389
51500 285.400000 0.477128 -0.472983 -0.654699 0.346418
51500 286.000000 0.671475 -0.285925 -0.648492 0.216396
51500 286.600000 0.806945 -0.119728 -0.578083 0.018051
51500 287.200000 0.861988 0.002464 -0.455563 -0.222335
51500 287.800000 0.826812 0.063542 -0.300696 -0.471091
51500 288.400000 0.705425 0.055952 -0.138136 -0.692938
51500 289.000000 0.514339 -0.017056 0.006622 -0.857392
51500 289.600000 0.278931 -0.142721 0.110971 -0.943140
51500 290.200000 0.029646 -0.301334 0.157832 -0.939898
51500 290.800000 -0.201106 -0.468849 0.137652 -0.848993
51500 291.400000 -0.382294 -0.619644 0.050244 -0.683643
51500 292.000000 -0.488904 -0.730028 -0.094144 -0.468155
51500 292.600000 -0.506890 -0.782192 -0.275994 -0.234662
51500 293.200000 -0.436069 -0.767095 -0.470212 -0.017584
51500 293.800000 -0.289550 -0.685181 -0.650828 0.152021
51500 294.400000 -0.090714 -0.545489 -0.794694 0.250348
51500 295.000000 0.130292 -0.364403 -0.883763 0.263055
51500 295.600000 0.340070 -0.164412 -0.906821 0.187075
51500 296.200000 0.506203 0.028127 -0.861358 0.032085
51500 296.800000 0.602434 0.187071 -0.754814 -0.179815
51500 297.400000 0.613258 0.291528 -0.603813 -0.417535
51500 298.000000 0.535918 0.329630 -0.431179 -0.646700
51500 298.600000 0.379597 0.299701 -0.262126 -0.835090
51500 299.200000 0.163451 0.209400 -0.121013 -0.956447
51500 299.800000 -0.085291 0.074253 -0.028653 -0.993172
51500 300.400000 -0.333725 -0.084057 0.000491 -0.938915
51500 301.000000 -0.547568 -0.240257 -0.038836 -0.800586
51500 301.600000 -0.697231 -0.369275 -0.141135 -0.597984
51500 302.200000 -0.763384 -0.450234 -0.291195 -0.360194
51500 302.800000 -0.739614 -0.469237 -0.467256 -0.120246
51500 303.400000 -0.632115 -0.420601 -0.644592 0.089590
51500 304.000000 -0.458052 -0.307404 -0.798453 0.241172
51500 304.600000 -0.243640 -0.141853 -0.906762 0.313528
51500 305.200000 -0.021309 0.055314 -0.953249 0.296316
51500 305.800000 0.174936 0.257654 -0.930546 0.192603
51500 306.400000 0.315252 0.437969 -0.841689 0.018931
51500 307.000000 0.378609 0.573350 -0.699115 -0.197899
51500 307.600000 0.354973 0.648313 -0.522051 -0.425614
51500 308.200000 0.245735 0.655857 -0.333834 -0.630889
51500 308.800000 0.063681 0.597643 -0.159564 -0.783139
51500 309.400000 -0.167529 0.484045 -0.023276 -0.858541
51500 310.000000 -0.415831 0.333456 0.055907 -0.844255
51500 310.600000 -0.645991 0.169880 0.067618 -0.741124
51500 311.200000 -0.826053 0.019032 0.012202 -0.563138
51500 311.800000 -0.932319 -0.095588 -0.100002 -0.334130
51500 312.400000 -0.951715 -0.155563 -0.251015 -0.083847
51500 313.000000 -0.882573 -0.149614 -0.417813 0.155286
51500 313.600000 -0.735026 -0.075482 -0.574967 0.351359
51500 314.200000 -0.530638 0.058738 -0.697934 0.477348
51500 314.800000 -0.299827 0.235189 -0.767006 0.516228
51500 315.400000 -0.076762 0.429488 -0.770610 0.464552
51500 316.000000 0.106445 0.615417 -0.706598 0.332642
51500 316.600000 0.224072 0.768955 -0.581679 0.141948
51500 317.200000 0.259308 0.870808 -0.410236 -0.078485
51500 317.800000 0.206073 0.908171 -0.213184 -0.295488
51500 318.400000 0.070687 0.876574 -0.016121 -0.475775
51500 319.000000 -0.127831 0.781377 0.154295 -0.591018
51500 319.600000 -0.360399 0.637506 0.275331 -0.622809
51500 320.200000 -0.593163 0.466861 0.332484 -0.565378
51500 320.800000 -0.793161 0.294521 0.321308 -0.425340
51500 321.400000 -0.932506 0.145309 0.246973 -0.219822
51500 322.000000 -0.991243 0.041051 0.122896 0.025473
51500 322.600000 -0.959957 -0.002176 -0.030816 0.278439
51500 323.200000 -0.842088 0.023027 -0.189623 0.504382
51500 323.800000 -0.654297 0.113413 -0.328054 0.671874
51500 324.400000 -0.423609 0.255552 -0.423787 0.758718
51500 325.000000 -0.182307 0.428681 -0.460834 0.755399
51500 325.600000 0.037022 0.608347 -0.431139 0.665329
51500 326.200000 0.205093 0.769520 -0.335252 0.503371
51500 326.800000 0.298912 0.889268 -0.182823 0.293991
51500 327.400000 0.305162 0.949787 0.007594 0.068729
51500 328.000000 0.223357 0.941620 0.210731 -0.138041
51500 328.600000 0.066715 0.865632 0.399144 -0.294812
51500 329.200000 -0.140311 0.732519 0.548446 -0.378068
51500 329.800000 -0.366604 0.560391 0.641005 -0.375068
51500 330.400000 -0.578945 0.371994 0.667441 -0.284545
51500 331.000000 -0.745870 0.192321 0.626949 -0.116726
51500 331.600000 -0.841574 0.045970 0.527443 0.106976
51500 332.200000 -0.850183 -0.046517 0.385205 0.355868
51500 332.800000 -0.769018 -0.072657 0.222978 0.594653
51500 333.400000 -0.608895 -0.030519 0.066353 0.789882
51500 334.000000 -0.391347 0.071458 -0.060285 0.915482
51500 334.600000 -0.144720 0.216618 -0.136915 0.955713
51500 335.200000 0.099181 0.382716 -0.150088 0.906182
51500 335.800000 0.308138 0.544514 -0.094864 0.774310
51500 336.400000 0.453540 0.676901 0.023565 0.579267
51500 337.000000 0.515488 0.758776 0.189836 0.349991
51500 337.600000 0.486969 0.776640 0.381002 0.120539
51500 338.200000 0.374931 0.726375 0.571014 -0.075825
51500 338.800000 0.198189 0.612968 0.735040 -0.211442
51500 339.400000 -0.016003 0.449342 0.852333 -0.267141
51500 340.000000 -0.235384 0.255210 0.908099 -0.234134
51500 340.600000 -0.426461 0.055473 0.895348 -0.115786
51500 341.200000 -0.559331 -0.122983 0.816638 0.071598
51500 341.800000 -0.612847 -0.256127 0.684403 0.300684
51500 342.400000 -0.578011 -0.327432 0.518912 0.537979
51500 343.000000 -0.458381 -0.330303 0.344649 0.749669
51500 343.600000 -0.268455 -0.268018 0.186722 0.906219
51500 344.200000 -0.031753 -0.152434 0.068006 0.985460
51500 344.800000 0.221154 -0.002468 0.006455 0.975214
51500 345.400000 0.455921 0.157947 0.012125 0.875809
51500 346.000000 0.639871 0.303121 0.084777 0.701067
51500 346.600000 0.748176 0.409694 0.213620 0.476183
51500 347.200000 0.768057 0.460128 0.379639 0.232905
51500 347.800000 0.699731 0.444630 0.559162 0.004329
51500 348.400000 0.555215 0.361922 0.727117 -0.179024
51500 349.000000 0.356570 0.219752 0.859744 -0.292247
51500 349.600000 0.133670 0.034942 0.937508 -0.319358
51500 350.200000 -0.079539 -0.168284 0.948401 -0.256689
51500 350.800000 -0.250494 -0.362418 0.890395 -0.114468
51500 351.400000 -0.353459 -0.521968 0.771622 0.084940
51500 352.000000 -0.372916 -0.627637 0.608334 0.311342
51500 352.600000 -0.304659 -0.668245 0.422140 0.531440
51500 353.200000 -0.155914 -0.641186 0.237583 0.712829
51500 353.800000 0.054782 -0.552581 0.079669 0.827832
51500 354.400000 0.298924 -0.417099 -0.029535 0.857788
51500 355.000000 0.542012 -0.256450 -0.075005 0.796763
51500 355.600000 0.749761 -0.096048 -0.051825 0.652646
51500 356.200000 0.894043 0.039098 0.034286 0.444954
51500 356.800000 0.956455 0.127802 0.168749 0.200956
51500 357.400000 0.929683 0.155055 0.330690 -0.047869
51500 358.000000 0.818053 0.113972 0.495491 -0.268867
51500 358.600000 0.637727 0.007552 0.637701 -0.431956
51500 359.200000 0.415346 -0.150822 0.734776 -0.514631
51500 359.800000 0.184005 -0.339397 0.770901 -0.506619
51500 360.400000 -0.022537 -0.532298 0.739325 -0.411764
51500 361.000000 -0.175059 -0.704064 0.642554 -0.246521
51500 361.600000 -0.252158 -0.832862 0.491338 -0.036653
51500 362.200000 -0.242276 -0.902476 0.303567 0.186241
51500 362.800000 -0.145522 -0.904111 0.102930 0.388345
51500 363.400000 0.025117 -0.838239 -0.083814 0.538238
51500 364.000000 0.244902 -0.715345 -0.231382 0.612182
51500 364.600000 0.481570 -0.554391 -0.320900 0.598135
51500 365.200000 0.701123 -0.379370 -0.343002 0.496844
51500 365.800000 0.872802 -0.215588 -0.298326 0.320532
51500 366.400000 0.972438 -0.086661 -0.196431 0.090932
51500 367.000000 0.985123 -0.011848 -0.054369 -0.162593
51500 367.600000 0.907831 -0.003126 0.105123 -0.405934
51500 368.200000 0.750977 -0.062528 0.256518 -0.605246
51500 368.800000 0.537112 -0.181336 0.375484 -0.733239
51500 369.400000 0.296617 -0.341918 0.442655 -0.774058
51500 370.000000 0.062425 -0.521207 0.445976 -0.724950
51500 370.600000 -0.134203 -0.694115 0.381707 -0.595394
51500 371.200000 -0.266788 -0.836323 0.255017 -0.405406
51500 371.800000 -0.316821 -0.927097 0.080280 -0.183495
51500 372.400000 -0.277272 -0.952560 -0.120021 0.036673
51500 373.000000 -0.154817 -0.908481 -0.318822 0.221464
51500 373.600000 0.031054 -0.801002 -0.489691 0.342979
51500 374.200000 0.251875 -0.644959 -0.611443 0.383046
51500 374.800000 0.474949 -0.461128 -0.670607 0.334770
51500 375.400000 0.667485 -0.273691 -0.662153 0.202756
51500 376.000000 0.800376 -0.107856 -0.589708 0.003080
51500 376.600000 0.852393 0.013314 -0.465595 -0.237633
51500 377.200000 0.814215 0.072958 -0.309789 -0.485554
51500 377.800000 0.690297 0.063885 -0.147023 -0.705544
51500 378.400000 0.497410 -0.010314 -0.002735 -0.867450
51500 379.000000 0.261006 -0.136663 0.100607 -0.950304
51500 379.600000 0.011550 -0.295329 0.146094 -0.944089
51500 380.200000 -0.218495 -0.462192 0.124391 -0.850392
51500 380.800000 -0.398115 -0.611622 0.035634 -0.682754
51500 381.400000 -0.502509 -0.720066 -0.109580 -0.465813
51500 382.000000 -0.518059 -0.769987 -0.291499 -0.231867
51500 382.600000 -0.445050 -0.752635 -0.485014 -0.015266
51500 383.200000 -0.296914 -0.668663 -0.664286 0.153157
51500 383.800000 -0.097214 -0.527240 -0.806320 0.249830
51500 384.400000 0.123811 -0.344906 -0.893180 0.260652
51500 385.000000 0.332723 -0.144350 -0.913795 0.182861
51500 385.600000 0.497198 0.047935 -0.865906 0.026517
51500 386.200000 0.591260 0.205863 -0.757272 -0.185936
51500 386.800000 0.599782 0.308811 -0.604759 -0.423277
51500 387.400000 0.520322 0.345264 -0.431276 -0.651198
51500 388.000000 0.362260 0.313823 -0.262005 -0.837637
51500 388.600000 0.144916 0.222330 -0.121234 -0.956489
51500 389.200000 -0.104262 0.086450 -0.029686 -0.990341
51500 389.800000 -0.352164 -0.072010 -0.001646 -0.933162
51500 390.400000 -0.564483 -0.227727 -0.042071 -0.792294
51500 391.000000 -0.711886 -0.355701 -0.145145 -0.587901
51500 391.600000 -0.775461 -0.435224 -0.295451 -0.349212
51500 392.200000 -0.749177 -0.452570 -0.471157 -0.109208
51500 392.800000 -0.639489 -0.402217 -0.647523 0.099950
51500 393.400000 -0.463768 -0.287447 -0.799802 0.250219
51500 394.000000 -0.248435 -0.120762 -0.905976 0.320787
51500 394.600000 -0.026066 0.076803 -0.949972 0.301621
51500 395.200000 0.169360 0.278677 -0.924748 0.196208
51500 395.800000 0.308217 0.457778 -0.833655 0.021450
51500 396.400000 0.369766 0.591463 -0.689318 -0.195669
51500 397.000000 0.344228 0.664502 -0.511030 -0.422838
51500 397.600000 0.233230 0.670070 -0.322175 -0.626748
51500 398.200000 0.049855 0.609988 -0.147908 -0.776887
51500 398.800000 -0.181894 0.494831 -0.012260 -0.849651
51500 399.400000 -0.429722 0.343205 0.065808 -0.832597
51500 400.000000 -0.658427 0.179239 0.076242 -0.727004
51500 400.600000 -0.836310 0.028633 0.019712 -0.547154
51500 401.200000 -0.939983 -0.085216 -0.093211 -0.316990
51500 401.800000 -0.956622 -0.144027 -0.244408 -0.066296
51500 402.400000 -0.884788 -0.136704 -0.410765 0.172438
51500 403.000000 -0.734906 -0.061265 -0.566813 0.367265
51500 403.600000 -0.528873 0.073851 -0.688086 0.491301
51500 404.200000 -0.297331 0.250522 -0.755097 0.527884
51500 404.800000 -0.074445 0.444296 -0.756547 0.474020
51500 405.400000 0.107849 0.629053 -0.690505 0.340388
51500 406.000000 0.224046 0.780912 -0.563813 0.148644
51500 406.600000 0.257543 0.880683 -0.390995 -0.072048
51500 407.200000 0.202526 0.915680 -0.193169 -0.288441
51500 407.800000 0.065679 0.881654 0.003887 -0.467287
51500 408.400000 -0.133606 0.784275 0.173497 -0.580483
51500 409.000000 -0.366038 0.638747 0.293148 -0.609986
51500 409.600000 -0.597778 0.467097 0.348674 -0.550371
51500 410.200000 -0.796004 0.294398 0.335933 -0.408481
51500 410.800000 -0.932980 0.145415 0.260299 -0.201611
51500 411.400000 -0.988921 0.041886 0.135339 0.044324
51500 412.000000 -0.954697 -0.000271 -0.018707 0.296991
51500 412.600000 -0.834162 0.026063 -0.177221 0.521620
51500 413.200000 -0.644375 0.117320 -0.314768 0.686977
51500 413.800000 -0.412564 0.259831 -0.409174 0.771269
51500 414.400000 -0.170998 0.432732 -0.444627 0.765382
51500 415.000000 0.047843 0.611557 -0.413226 0.673018
51500 415.600000 0.214767 0.771273 -0.315713 0.509253
51500 416.200000 0.306911 0.888988 -0.162012 0.298760
51500 416.800000 0.311227 0.947064 0.029011 0.073253
51500 417.400000 0.227631 0.936349 0.231902 -0.132873
51500 418.000000 0.069731 0.858041 0.419273 -0.288292
51500 418.600000 -0.137791 0.723056 0.566981 -0.369779
51500 419.200000 -0.363753 0.549589 0.657657 -0.364860
51500 419.800000 -0.574940 0.360427 0.682113 -0.272503
51500 420.400000 -0.739941 0.180623 0.639695 -0.103215
51500 421.000000 -0.833124 0.034790 0.538510 0.121246
51500 421.600000 -0.838977 -0.056656 0.395061 0.369913
51500 422.200000 -0.755259 -0.081518 0.232249 0.607453
51500 422.800000 -0.593122 -0.038204 0.075685 0.800637
51500 423.400000 -0.374243 0.064592 -0.050330 0.923708
51500 424.000000 -0.127014 0.210060 -0.125903 0.961192
51500 424.600000 0.116703 0.375855 -0.137748 0.908922
51500 425.200000 0.324628 0.536684 -0.081181 0.774595
51500 425.800000 0.468235 0.667483 0.038273 0.577718
51500 426.400000 0.527938 0.747345 0.204952 0.347494
51500 427.000000 0.497172 0.763049 0.395785 0.118031
51500 427.600000 0.383275 0.710710 0.584787 -0.077556
51500 428.200000 0.205299 0.595465 0.747264 -0.211828
51500 428.800000 -0.009367 0.430366 0.862576 -0.265820
51500 429.400000 -0.228372 0.235315 0.916033 -0.230990
51500 430.000000 -0.418221 0.035413 0.900835 -0.111052
51500 430.600000 -0.549189 -0.142393 0.819841 0.077302
51500 431.200000 -0.600470 -0.274243 0.685783 0.306478
51500 431.800000 -0.563425 -0.343938 0.519101 0.542949
51500 432.400000 -0.441864 -0.345207 0.344299 0.753025
51500 433.000000 -0.250458 -0.281549 0.186435 0.907327
51500 433.600000 -0.012924 -0.164980 0.068313 0.983843
51500 434.200000 0.239930 -0.014556 0.007753 0.970650
51500 434.800000 0.473627 0.145697 0.014562 0.868469
51500 435.400000 0.655617 0.290098 0.088178 0.691545
51500 436.000000 0.761438 0.395417 0.217541 0.465331
51500 436.600000 0.778730 0.444295 0.383503 0.221602
51500 437.200000 0.708024 0.427097 0.562357 -0.006641
51500 437.800000 0.561559 0.342722 0.729028 -0.188976
51500 438.400000 0.361599 0.199176 0.859773 -0.300609
51500 439.000000 0.138212 0.013596 0.935186 -0.325792
51500 439.600000 -0.074585 -0.189569 0.943532 -0.261242
51500 440.200000 -0.244365 -0.382811 0.883127 -0.117596
51500 440.800000 -0.345666 -0.540856 0.762353 0.082506
51500 441.400000 -0.363245 -0.644679 0.597577 0.308776
51500 442.000000 -0.293132 -0.683310 0.410454 0.527910
51500 442.600000 -0.142815 -0.654297 0.225582 0.707539
51500 443.200000 0.068833 -0.563940 0.068014 0.820127
51500 443.800000 0.312998 -0.427132 -0.040266 0.847331
51500 444.400000 0.555080 -0.265761 -0.084486 0.783658
51500 445.000000 0.760959 -0.105293 -0.060071 0.637374
51500 445.600000 0.902814 0.029334 0.026979 0.428182
51500 446.200000 0.962521 0.117055 0.161907 0.183408
51500 446.800000 0.932988 0.143015 0.323728 -0.065418
51500 447.400000 0.818801 0.100561 0.487753 -0.285569
51500 448.000000 0.636452 -0.006985 0.628544 -0.447005
51500 448.600000 0.412880 -0.165919 0.723714 -0.527484
51500 449.200000 0.181288 -0.354318 0.757713 -0.517170
51500 449.800000 -0.024673 -0.546339 0.724038 -0.420326
51500 450.400000 -0.175995 -0.716656 0.625361 -0.253681
51500 451.000000 -0.251481 -0.843553 0.472561 -0.043146
51500 451.600000 -0.239799 -0.910912 0.283704 0.179575
51500 452.200000 -0.141380 -0.910105 0.082691 0.380636
51500 452.800000 0.030401 -0.841884 -0.103606 0.528747
51500 453.400000 0.250500 -0.717049 -0.250019 0.600484
51500 454.000000 0.486564 -0.554765 -0.337974 0.584179
51500 454.600000 0.704694 -0.379073 -0.358443 0.480862
51500 455.200000 0.874279 -0.215239 -0.312309 0.302937
51500 455.800000 0.971302 -0.086806 -0.209301 0.072327
51500 456.400000 0.981071 -0.012923 -0.066609 -0.181370
51500 457.000000 0.900929 -0.005339 0.092912 -0.423871
51500 457.600000 0.741719 -0.065775 0.243712 -0.621394
51500 458.200000 0.526304 -0.185216 0.361559 -0.746976
51500 458.800000 0.285141 -0.345869 0.427259 -0.785187
51500 459.400000 0.051084 -0.524619 0.428918 -0.733618
51500 460.000000 -0.144706 -0.696370 0.362964 -0.601985
51500 460.600000 -0.275846 -0.836815 0.234799 -0.410511
51500 461.200000 -0.324021 -0.925315 0.059112 -0.187908
51500 461.800000 -0.282551 -0.948240 -0.141348 0.032046
51500 462.400000 -0.158535 -0.901700 -0.339457 0.215805
51500 463.000000 0.028225 -0.792120 -0.508957 0.335726
51500 463.600000 0.249127 -0.634477 -0.628932 0.373924
51500 464.200000 0.471452 -0.449597 -0.686137 0.323746
51500 464.800000 0.662433 -0.261715 -0.675699 0.190050
51500 465.400000 0.793065 -0.096092 -0.601414 -0.010766
51500 466.000000 0.842395 0.024256 -0.475823 -0.251745
51500 466.600000 0.801524 0.082686 -0.319104 -0.498894
51500 467.200000 0.675313 0.072343 -0.156082 -0.717188
51500 467.800000 0.480762 -0.002880 -0.012148 -0.876762
51500 468.400000 0.243399 -0.129806 0.090339 -0.956946
51500 469.000000 -0.006261 -0.288484 0.134612 -0.947954
51500 469.600000 -0.235680 -0.454711 0.111544 -0.851617
51500 470.200000 -0.413840 -0.602847 0.021575 -0.681796
51500 470.800000 -0.516145 -0.709464 -0.124364 -0.463453
51500 471.400000 -0.529385 -0.757276 -0.306302 -0.229049
51500 472.000000 -0.454282 -0.737798 -0.499116 -0.012865
51500 472.600000 -0.304579 -0.651866 -0.677083 0.154467
51500 473.200000 -0.104013 -0.508779 -0.817333 0.249585
51500 473.800000 0.117066 -0.325237 -0.902020 0.258606
51500 474.400000 0.325164 -0.124140 -0.920214 0.179063
51500 475.000000 0.488041 0.067869 -0.869915 0.021406
51500 475.600000 0.579995 0.224766 -0.759198 -0.191582
51500 476.200000 0.586269 0.326203 -0.605175 -0.428536
51500 476.800000 0.504728 0.361008 -0.430837 -0.655211
51500 477.400000 0.344951 0.328053 -0.261340 -0.839697
51500 478.000000 0.126436 0.235359 -0.120911 -0.956034
51500 478.600000 -0.123138 0.098735 -0.030182 -0.987004
51500 479.200000 -0.370454 -0.059885 -0.003244 -0.926913
51500 479.800000 -0.581199 -0.215130 -0.044756 -0.783533
51500 480.400000 -0.726312 -0.342078 -0.148591 -0.577386
51500 481.000000 -0.787298 -0.420183 -0.299130 -0.337831
51500 481.600000 -0.758495 -0.435891 -0.474468 -0.097793
51500 482.200000 -0.646616 -0.383838 -0.649853 0.110669
51500 482.800000 -0.469236 -0.267523 -0.800534 0.259605
51500 483.400000 -0.252984 -0.099748 -0.904559 0.328363
51500 484.000000 -0.030586 0.098159 -0.946064 0.307233
51500 484.600000 0.164016 0.299514 -0.918336 0.200124
51500 485.200000 0.301419 0.477363 -0.825034 0.024291
51500 485.800000 0.361171 0.609330 -0.678956 -0.193110
51500 486.400000 0.333743 0.680429 -0.499463 -0.419725
51500 487.000000 0.221001 0.684002 -0.309987 -0.622260
51500 487.600000 0.036335 0.622031 -0.135749 -0.770279
51500 488.200000 -0.195909 0.505299 -0.000774 -0.840412
51500 488.800000 -0.443218 0.352632 0.076155 -0.820615
51500 489.400000 -0.670434 0.188273 0.085298 -0.712598
51500 490.000000 -0.846122 0.037906 0.027651 -0.530921
51500 490.600000 -0.947194 -0.075179 -0.085990 -0.299628
51500 491.200000 -0.961069 -0.132833 -0.237371 -0.048549
51500 491.800000 -0.886535 -0.124150 -0.403284 0.189749
51500 492.400000 -0.734321 -0.047432 -0.558224 0.383287
51500 493.000000 -0.526663 0.088541 -0.677810 0.505332
51500 493.600000 -0.294414 0.265390 -0.742781 0.539597
51500 494.200000 -0.071725 0.458608 -0.742106 0.483542
51500 494.800000 0.109646 0.642173 -0.674058 0.348191
51500 495.400000 0.224410 0.792336 -0.545614 0.155398
51500 496.000000 0.256167 0.890005 -0.371448 -0.065548
51500 496.600000 0.199372 0.922614 -0.172886 -0.281327
51500 497.200000 0.061083 0.886146 0.024109 -0.458731
51500 497.800000 -0.138942 0.786589 0.192864 -0.569892
51500 498.400000 -0.371214 0.639417 0.311095 -0.597131
51500 499.000000 -0.601915 0.466776 0.364976 -0.535361
51500 499.600000 -0.798360 0.293727 0.350660 -0.391642
51500 500.200000 -0.932957 0.144977 0.273717 -0.183447
51500 500.800000 -0.986092 0.042183 0.147862 0.063090
51500 501.400000 -0.948933 0.001096 -0.006529 0.315408
51500 502.000000 -0.825756 0.028555 -0.164759 0.538670
51500 502.600000 -0.634012 0.120668 -0.301438 0.701857
51500 503.200000 -0.401112 0.263534 -0.394537 0.783581
51500 503.800000 -0.159304 0.436197 -0.428413 0.775123
51500 504.400000 0.059029 0.614170 -0.395324 0.680463
51500 505.000000 0.224786 0.772414 -0.296207 0.514888
51500 505.600000 0.315233 0.888081 -0.141274 0.303285
51500 506.200000 0.317601 0.943709 0.050300 0.077541
51500 506.800000 0.232215 0.930460 0.252888 -0.127934
51500 507.400000 0.073066 0.849858 0.439176 -0.282005
51500 508.000000 -0.134944 0.713025 0.585265 -0.361732
51500 508.600000 -0.360568 0.538237 0.674043 -0.354905
51500 509.200000 -0.570593 0.348330 0.696499 -0.260727
51500 509.800000 -0.733660 0.168418 0.652135 -0.089997
51500 510.400000 -0.824325 0.023133 0.549253 0.135182
51500 511.000000 -0.827442 -0.067243 0.404585 0.383575
51500 511.600000 -0.741208 -0.090813 0.241185 0.619833
51500 512.200000 -0.577094 -0.046317 0.084681 0.810954
51500 512.800000 -0.356915 0.057299 -0.040716 0.931488
51500 513.400000 -0.109109 0.203072 -0.115238 0.966218
51500 514.000000 0.134389 0.368561 -0.125768 0.911200
51500 514.600000 0.341240 0.528418 -0.067880 0.774417
51500 515.200000 0.483011 0.657634 0.052562 0.575722
51500 515.800000 0.540442 0.735502 0.219607 0.344575
51500 516.400000 0.507422 0.749073 0.410073 0.115122
51500 517.000000 0.391667 0.694688 0.598045 -0.079677
51500 517.600000 0.212460 0.577625 0.758955 -0.212598
51500 518.200000 -0.002676 0.411077 0.872265 -0.264880
51500 518.800000 -0.221300 0.215144 0.923390 -0.228232
51500 519.400000 -0.409919 0.015127 0.905731 -0.106718
51500 520.000000 -0.538995 -0.161977 0.822453 0.082580
51500 520.600000 -0.588064 -0.292494 0.686584 0.311818
51500 521.200000 -0.548837 -0.360559 0.518725 0.547448
51500 521.800000 -0.425369 -0.360213 0.343394 0.755902
51500 522.400000 -0.232507 -0.295174 0.185600 0.907946
51500 523.000000 0.005825 -0.177610 0.068077 0.981726
51500 523.600000 0.258575 -0.026715 0.008511 0.965584
51500 524.200000 0.491148 0.133385 0.016454 0.860646
51500 524.800000 0.671138 0.277026 0.091022 0.681576
51500 525.400000 0.774457 0.381110 0.220891 0.454069
51500 526.000000 0.789155 0.428450 0.386783 0.209915
51500 526.600000 0.716066 0.409569 0.564959 -0.017976
51500 527.200000 0.567647 0.323550 0.730331 -0.199273
51500 527.800000 0.366373 0.178664 0.859178 -0.309294
51500 528.400000 0.142508 -0.007636 0.932232 -0.332532
51500 529.000000 -0.069870 -0.210681 0.938043 -0.266098
51500 529.600000 -0.238476 -0.402986 0.875261 -0.121036
51500 530.200000 -0.338122 -0.559498 0.752513 0.079751
51500 530.800000 -0.353834 -0.661459 0.586269 0.305881
51500 531.400000 -0.281877 -0.698094 0.398233 0.524043
51500 532.000000 -0.130010 -0.667106 0.213071 0.701903
51500 532.600000 0.082551 -0.574979 0.055879 0.812072
51500 533.200000 0.326693 -0.436835 -0.051447 0.836541
51500 533.800000 0.567728 -0.274740 -0.094399 0.770254
51500 534.400000 0.771715 -0.114204 -0.068740 0.621842
51500 535.000000 0.911133 0.019908 0.019250 0.411181
51500 535.600000 0.968127 0.106653 0.154642 0.165657
51500 536.200000 0.935825 0.131330 0.316341 -0.083138
51500 536.800000 0.819078 0.087525 0.479587 -0.302402
51500 537.400000 0.634718 -0.021112 0.618961 -0.462141
51500 538.000000 0.409979 -0.180563 0.712242 -0.540394
51500 538.600000 0.178160 -0.368750 0.744140 -0.527768
51500 539.200000 -0.027209 -0.559868 0.708394 -0.428936
51500 539.800000 -0.177324 -0.728719 0.607833 -0.260890
51500 540.400000 -0.251193 -0.853696 0.453471 -0.049693
51500 541.000000 -0.237712 -0.918777 0.263562 0.172851
51500 541.600000 -0.137639 -0.915509 0.062221 0.372864
51500 542.200000 0.035260 -0.844937 -0.123577 0.519199
51500 542.800000 0.255645 -0.718172 -0.268790 0.588750
51500 543.400000 0.491087 -0.554573 -0.355158 0.570215
51500 544.000000 0.707784 -0.378223 -0.373980 0.464896
51500 544.600000 0.875267 -0.214341 -0.326379 0.285382
51500 545.200000 0.969663 -0.086409 -0.222246 0.053792
51500 545.800000 0.976514 -0.013458 -0.078914 -0.200030
51500 546.400000 0.893535 -0.007012 0.080646 -0.441637
51500 547.000000 0.732003 -0.068469 0.230863 -0.637327
51500 547.600000 0.515076 -0.188529 0.347610 -0.760474
51500 548.200000 0.273273 -0.349240 0.411857 -0.796070
51500 548.800000 0.039370 -0.527440 0.411871 -0.742037
51500 549.400000 -0.155561 -0.698022 0.344251 -0.608324
51500 550.000000 -0.285233 -0.836687 0.214644 -0.415362
51500 550.600000 -0.331530 -0.922901 0.038055 -0.192075
51500 551.200000 -0.288133 -0.943295 -0.162506 0.027656
51500 551.800000 -0.162561 -0.894317 -0.359875 0.210381
51500 552.400000 0.025078 -0.782663 -0.527974 0.328715
51500 553.000000 0.246053 -0.623441 -0.646153 0.365055
51500 553.600000 0.467623 -0.437529 -0.701381 0.312988
51500 554.200000 0.657038 -0.249223 -0.688939 0.177628
51500 554.800000 0.785407 -0.083840 -0.612794 -0.024294
51500 555.400000 0.832061 0.035654 -0.485713 -0.265492
51500 556.000000 0.788528 0.092849 -0.328079 -0.511826
51500 556.600000 0.660063 0.081225 -0.164798 -0.728396
51500 557.200000 0.463883 0.004977 -0.021216 -0.885628
51500 557.800000 0.225589 -0.122527 0.080422 -0.963135
51500 558.400000 -0.024248 -0.281215 0.123491 -0.951357
51500 559.000000 -0.253002 -0.446803 0.099074 -0.852374
51500 559.600000 -0.429657 -0.593645 0.007923 -0.680380
51500 560.200000 -0.529838 -0.698448 -0.138699 -0.460657
51500 560.800000 -0.540752 -0.744175 -0.320619 -0.225819
51500 561.400000 -0.463555 -0.722599 -0.512705 -0.010067
51500 562.000000 -0.312288 -0.634731 -0.689351 0.156165
51500 562.600000 -0.110858 -0.490001 -0.827797 0.249724
51500 563.200000 0.110272 -0.305280 -0.910288 0.256943
51500 563.800000 0.317552 -0.103689 -0.926042 0.175657
51500 564.400000 0.478833 0.087991 -0.873325 0.016708
51500 565.000000 0.568696 0.243812 -0.760536 -0.196786
51500 565.600000 0.572749 0.343709 -0.605018 -0.433331
51500 566.200000 0.489153 0.376852 -0.429838 -0.658751
51500 566.800000 0.327683 0.342371 -0.260122 -0.841274
51500 567.400000 0.108025 0.248465 -0.120042 -0.955084
51500 568.000000 -0.141902 0.111087 -0.030136 -0.983166
51500 568.600000 -0.388577 -0.047703 -0.004301 -0.920170
51500 569.200000 -0.597699 -0.202488 -0.046891 -0.774309
51500 569.800000 -0.740493 -0.328426 -0.151473 -0.566447
51500 570.400000 -0.798880 -0.405133 -0.302232 -0.326057
51500 571.000000 -0.767558 -0.419219 -0.477193 -0.086006
51500 571.600000 -0.653483 -0.365484 -0.651584 0.121741
51500 572.200000 -0.474440 -0.247651 -0.800651 0.269321
51500 572.800000 -0.257276 -0.078832 -0.902514 0.336249
51500 573.400000 -0.034858 0.119360 -0.941530 0.313144
51500 574.000000 0.158916 0.320142 -0.911317 0.204343
51500 574.600000 0.294871 0.496704 -0.815833 0.027443
51500 575.200000 0.352835 0.626933 -0.668038 -0.190230
51500 575.800000 0.323528 0.696075 -0.487357 -0.416285
51500 576.400000 0.209059 0.697634 -0.297280 -0.617435
51500 577.000000 0.023131 0.633752 -0.123099 -0.763328
51500 577.600000 -0.209563 0.515433 0.011173 -0.830835
51500 578.200000 -0.456307 0.361718 0.086936 -0.808323
51500 578.800000 -0.682004 0.196967 0.094775 -0.697920
51500 579.400000 -0.855482 0.046834 0.036006 -0.514451
51500 580.000000 -0.953947 -0.065490 -0.078354 -0.282057
51500 580.600000 -0.965048 -0.121996 -0.229917 -0.030622
51500 581.200000 -0.887808 -0.111966 -0.395383 0.207204
51500 581.800000 -0.733268 -0.033998 -0.549214 0.399408
51500 582.400000 -0.524004 0.102792 -0.667123 0.519423
51500 583.000000 -0.291073 0.279780 -0.730075 0.551353
51500 583.600000 -0.068600 0.472412 -0.727304 0.493103
51500 584.200000 0.111841 0.654768 -0.657274 0.356035
51500 584.800000 0.225165 0.803218 -0.527100 0.162197
51500 585.400000 0.255179 0.898761 -0.351612 -0.059001
51500 586.000000 0.196614 0.928960 -0.152358 -0.274159
51500 586.600000 0.056901 0.890040 0.044524 -0.450120
51500 587.200000 -0.143838 0.788312 0.212375 -0.559260
51500 587.800000 -0.375927 0.639512 0.329152 -0.584262
51500 588.400000 -0.605576 0.465894 0.381371 -0.520362
51500 589.000000 -0.800232 0.292503 0.365469 -0.374838
51500 589.600000 -0.932438 0.143992 0.287206 -0.165343
51500 590.200000 -0.982759 0.041938 0.160445 0.081757
51500 590.800000 -0.942670 0.001923 0.005699 0.333672
51500 591.400000 -0.816878 0.030499 -0.152260 0.555516
51500 592.000000 -0.623212 0.123454 -0.288085 0.716500
51500 592.600000 -0.389258 0.266664 -0.379895 0.795643
51500 593.200000 -0.147232 0.439078 -0.412212 0.784611
51500 593.800000 0.070575 0.616187 -0.377451 0.687651
51500 594.400000 0.235142 0.772943 -0.276755 0.520263
51500 595.000000 0.323869 0.886549 -0.120630 0.307552
51500 595.600000 0.324274 0.939727 0.071438 0.081582
51500 596.200000 0.237098 0.923960 0.273669 -0.123236
51500 596.800000 0.076709 0.841090 0.458834 -0.275961
51500 597.400000 -0.131781 0.702433 0.603282 -0.353938
51500 598.000000 -0.357060 0.526344 0.690144 -0.345214
51500 598.600000 -0.565914 0.335708 0.710581 -0.249230
