CIC_OEM_VERS = 2.0
CREATION_DATE = 2015-10-20T06:40:34.952
ORIGINATOR = DOCKing System

META_START

OBJECT_NAME = Birdy
OBJECT_ID = Birdy
CENTER_NAME = Earth
REF_FRAME = EME2000
TIME_SYSTEM = UTC

META_STOP

51500 10.000000 6423.480664 -3708.598291 7417.196581 3.083746 5.341204 0.000000
51500 110.000000 6720.588850 -3168.383099 7404.392222 2.856708 5.459990 -0.256013
51500 210.000000 6994.493558 -2617.228756 7366.023486 2.619810 5.559924 -0.511140
51500 310.000000 7244.249481 -2057.038313 7302.223239 2.373872 5.640660 -0.764497
51500 410.000000 7468.994973 -1489.746030 7213.212402 2.119746 5.701920 -1.015206
51500 510.000000 7667.955038 -917.310640 7099.299178 1.858312 5.743493 -1.262401
51500 610.000000 7840.444020 -341.708520 6960.877958 1.590477 5.765237 -1.505225
51500 710.000000 7985.867972 235.073191 6798.427940 1.317168 5.767078 -1.742838
51500 810.000000 8103.726705 811.043510 6612.511436 1.039332 5.749014 -1.974419
51500 910.000000 8193.615499 1384.214547 6403.771898 0.757931 5.711109 -2.199167
51500 1010.000000 8255.226491 1952.608411 6172.931650 0.473939 5.653499 -2.416306
51500 1110.000000 8288.349704 2514.264093 5920.789353 0.188340 5.576385 -2.625086
51500 1210.000000 8292.873749 3067.244274 5648.217199 -0.097879 5.480039 -2.824786
51500 1310.000000 8268.786163 3609.642050 5356.157851 -0.383728 5.364799 -3.014718
51500 1410.000000 8216.173419 4139.587539 5045.621133 -0.668218 5.231066 -3.194227
51500 1510.000000 8135.220571 4655.254361 4717.680499 -0.950367 5.079308 -3.362696
51500 1610.000000 8026.210565 5154.865952 4373.469269 -1.229200 4.910055 -3.519546
51500 1710.000000 7889.523209 5636.701701 4014.176672 -1.503755 4.723895 -3.664237
51500 1810.000000 7725.633797 6099.102880 3641.043688 -1.773085 4.521476 -3.796274
51500 1910.000000 7535.111411 6540.478361 3255.358722 -2.036261 4.303503 -3.915205
51500 2010.000000 7318.616893 6959.310080 2858.453110 -2.292378 4.070731 -4.020623
51500 2110.000000 7076.900500 7354.158250 2451.696489 -2.540554 3.823970 -4.112170
51500 2210.000000 6810.799255 7723.666282 2036.492034 -2.779936 3.564075 -4.189532
51500 2310.000000 6521.233993 8066.565426 1614.271589 -3.009700 3.291946 -4.252450
51500 2410.000000 6209.206130 8381.679094 1186.490698 -3.229059 3.008526 -4.300710
51500 2510.000000 5875.794145 8667.926852 754.623571 -3.437260 2.714794 -4.334152
51500 2610.000000 5522.149815 8924.328087 320.157980 -3.633590 2.411767 -4.352665
51500 2710.000000 5149.494188 9150.005311 -115.409872 -3.817378 2.100491 -4.356192
51500 2810.000000 4759.113333 9344.187117 -550.580513 -3.987994 1.782040 -4.344724
51500 2910.000000 4352.353865 9506.210756 -983.856364 -4.144857 1.457513 -4.318308
51500 3010.000000 3930.618273 9635.524340 -1413.746893 -4.287432 1.128027 -4.277038
51500 3110.000000 3495.360061 9731.688663 -1838.773724 -4.415233 0.794718 -4.221062
51500 3210.000000 3048.078716 9794.378631 -2257.475715 -4.527826 0.458732 -4.150578
51500 3310.000000 2590.314538 9823.384298 -2668.413955 -4.624830 0.121225 -4.065833
51500 3410.000000 2123.643323 9818.611510 -3070.176689 -4.705917 -0.216644 -3.967122
51500 3510.000000 1649.670939 9780.082151 -3461.384134 -4.770813 -0.553714 -3.854788
51500 3610.000000 1170.027809 9707.933992 -3840.693190 -4.819300 -0.888828 -3.729222
51500 3710.000000 686.363311 9602.420147 -4206.802010 -4.851218 -1.220837 -3.590860
51500 3810.000000 200.340125 9463.908134 -4558.454429 -4.866461 -1.548602 -3.440178
51500 3910.000000 -286.371459 9292.878556 -4894.444236 -4.864983 -1.871002 -3.277697
51500 4010.000000 -772.099255 9089.923389 -5213.619263 -4.846792 -2.186932 -3.103979
51500 4110.000000 -1255.174888 8855.743905 -5514.885292 -4.811955 -2.495310 -2.919620
51500 4210.000000 -1733.939496 8591.148218 -5797.209761 -4.760596 -2.795083 -2.725256
51500 4310.000000 -2206.749374 8297.048475 -6059.625256 -4.692895 -3.085223 -2.521555
51500 4410.000000 -2671.981583 7974.457703 -6301.232781 -4.609087 -3.364741 -2.309216
51500 4510.000000 -3128.039464 7624.486305 -6521.204793 -4.509462 -3.632680 -2.088968
51500 4610.000000 -3573.358077 7248.338247 -6718.787995 -4.394363 -3.888125 -1.861568
51500 4710.000000 -4006.409513 6847.306916 -6893.305875 -4.264188 -4.130204 -1.627794
51500 4810.000000 -4425.708090 6422.770694 -7044.160983 -4.119385 -4.358089 -1.388448
51500 4910.000000 -4829.815396 5976.188237 -7170.836947 -3.960450 -4.571003 -1.144349
51500 5010.000000 -5217.345172 5509.093494 -7272.900207 -3.787929 -4.768218 -0.896334
51500 5110.000000 -5586.968023 5023.090471 -7350.001474 -3.602414 -4.949061 -0.645252
51500 5210.000000 -5937.415925 4519.847763 -7401.876905 -3.404540 -5.112913 -0.391961
51500 5310.000000 -6267.486535 4001.092869 -7428.348992 -3.194984 -5.259216 -0.137330
51500 5410.000000 -6576.047273 3468.606313 -7429.327152 -2.974465 -5.387468 0.117772
51500 5510.000000 -6862.039174 2924.215585 -7404.808039 -2.743736 -5.497231 0.372470
51500 5610.000000 -7124.480486 2369.788925 -7354.875552 -2.503587 -5.588130 0.625894
51500 5710.000000 -7362.470013 1807.228969 -7279.700551 -2.254840 -5.659851 0.877177
51500 5810.000000 -7575.190190 1238.466284 -7179.540285 -1.998345 -5.712149 1.125457
51500 5910.000000 -7761.909870 665.452798 -7054.737528 -1.734978 -5.744842 1.369886
51500 6010.000000 -7921.986829 90.155168 -6905.719427 -1.465642 -5.757818 1.609626
51500 6110.000000 -8054.869970 -485.451917 -6732.996060 -1.191257 -5.751029 1.843856
51500 6210.000000 -8160.101218 -1059.392450 -6537.158728 -0.912762 -5.724496 2.071773
51500 6310.000000 -8237.317108 -1629.695837 -6318.877956 -0.631110 -5.678306 2.292596
51500 6410.000000 -8286.250050 -2194.403610 -6078.901240 -0.347264 -5.612615 2.505568
51500 6510.000000 -8306.729280 -2751.576106 -5818.050525 -0.062198 -5.527643 2.709957
51500 6610.000000 -8298.681474 -3299.299083 -5537.219433 0.223113 -5.423678 2.905061
51500 6710.000000 -8262.131042 -3835.690260 -5237.370241 0.507692 -5.301071 3.090210
51500 6810.000000 -8197.200088 -4358.905755 -4919.530639 0.790562 -5.160239 3.264766
51500 6910.000000 -8104.108042 -4867.146393 -4584.790242 1.070752 -5.001659 3.428128
51500 7010.000000 -7983.170957 -5358.663878 -4234.296913 1.347303 -4.825871 3.579734
51500 7110.000000 -7834.800487 -5831.766792 -3869.252859 1.619263 -4.633472 3.719059
51500 7210.000000 -7659.502527 -6284.826409 -3490.910565 1.885698 -4.425119 3.845622
51500 7310.000000 -7457.875544 -6716.282305 -3100.568527 2.145693 -4.201521 3.958985
51500 7410.000000 -7230.608580 -7124.647743 -2699.566844 2.398351 -3.963441 4.058753
51500 7510.000000 -6978.478952 -7508.514807 -2289.282649 2.642803 -3.711693 4.144581
51500 7610.000000 -6702.349645 -7866.559283 -1871.125416 2.878206 -3.447136 4.216168
51500 7710.000000 -6403.166406 -8197.545253 -1446.532146 3.103749 -3.170677 4.273264
51500 7810.000000 -6081.954558 -8500.329400 -1016.962452 3.318652 -2.883261 4.315667
51500 7910.000000 -5739.815531 -8773.864992 -583.893567 3.522172 -2.585873 4.343227
51500 8010.000000 -5377.923128 -9017.205552 -148.815272 3.713605 -2.279533 4.355843
51500 8110.000000 -4997.519542 -9229.508182 286.775212 3.892289 -1.965292 4.353467
51500 8210.000000 -4599.911127 -9410.036535 721.378377 4.057602 -1.644229 4.336101
51500 8310.000000 -4186.463943 -9558.163424 1153.497586 4.208972 -1.317448 4.303801
51500 8410.000000 -3758.599093 -9673.373066 1581.644236 4.345872 -0.986073 4.256672
51500 8510.000000 -3317.787857 -9755.262935 2004.342899 4.467825 -0.651244 4.194872
51500 8610.000000 -2865.546650 -9803.545227 2420.136418 4.574405 -0.314115 4.118608
51500 8710.000000 -2403.431819 -9818.047936 2827.590957 4.665239 0.024153 4.028139
51500 8810.000000 -1933.034285 -9798.715527 3225.300967 4.740010 0.362393 3.923773
51500 8910.000000 -1455.974068 -9745.609199 3611.894069 4.798454 0.699437 3.805864
51500 9010.000000 -973.894702 -9658.906754 3986.035824 4.840364 1.034122 3.674817
51500 9110.000000 -488.457554 -9538.902051 4346.434375 4.865589 1.365290 3.531079
51500 9210.000000 -1.336083 -9386.004058 4691.844948 4.874039 1.691798 3.375143
51500 9310.000000 485.789959 -9200.735503 5021.074197 4.865680 2.012515 3.207545
51500 9410.000000 971.240342 -8983.731123 5332.984371 4.840535 2.326331 3.028861
51500 9510.000000 1453.340197 -8735.735519 5626.497290 4.798688 2.632160 2.839706
51500 9610.000000 1930.425828 -8457.600630 5900.598122 4.740279 2.928943 2.640731
51500 9710.000000 2400.850498 -8150.282822 6154.338933 4.665507 3.215650 2.432622
51500 9810.000000 2862.990162 -7814.839611 6386.842016 4.574626 3.491288 2.216098
51500 9910.000000 3315.249117 -7452.426026 6597.302969 4.467949 3.754902 1.991907
51500 10010.000000 3756.065569 -7064.290633 6784.993518 4.345842 4.005576 1.760821
51500 10110.000000 4183.917071 -6651.771219 6949.264081 4.208724 4.242441 1.523642
51500 10210.000000 4597.325840 -6216.290164 7089.546049 4.057070 4.464676 1.281188
51500 10310.000000 4994.863906 -5759.349514 7205.353787 3.891402 4.671509 1.034298
51500 10410.000000 5375.158101 -5282.525765 7296.286348 3.712292 4.862223 0.783828
51500 10510.000000 5736.894850 -4787.464394 7362.028876 3.520360 5.036156 0.530643
51500 10610.000000 6078.824752 -4275.874130 7402.353725 3.316269 5.192705 0.275621
51500 10710.000000 6399.766941 -3749.521015 7417.121257 3.100727 5.331328 0.019644
51500 10810.000000 6698.613205 -3210.222251 7406.280331 2.874478 5.451543 -0.236400
51500 10910.000000 6974.331846 -2659.839874 7369.868490 2.638308 5.552936 -0.491626
51500 11010.000000 7225.971274 -2100.274266 7308.011823 2.393033 5.635155 -0.745150
51500 11110.000000 7452.663316 -1533.457531 7220.924523 2.139504 5.697917 -0.996093
51500 11210.000000 7653.626234 -961.346766 7108.908133 1.878599 5.741005 -1.243588
51500 11310.000000 7828.167432 -385.917239 6972.350481 1.611222 5.764273 -1.486777
51500 11410.000000 7975.685854 190.844492 6811.724316 1.338300 5.767642 -1.724819
51500 11510.000000 8095.674053 766.947495 6627.585643 1.060777 5.751103 -1.956892
51500 11610.000000 8187.719939 1340.403396 6420.571768 0.779615 5.714716 -2.182192
51500 11710.000000 8251.508176 1909.233294 6191.399053 0.495787 5.658610 -2.399941
51500 11810.000000 8286.821254 2471.474642 5940.860401 0.210276 5.582983 -2.609387
51500 11910.000000 8293.540205 3025.188067 5669.822471 -0.075930 5.488101 -2.809808
51500 12010.000000 8271.644977 3568.464094 5379.222634 -0.361843 5.374296 -3.000513
51500 12110.000000 8221.214463 4099.429774 5070.065688 -0.646472 5.241966 -3.180844
51500 12210.000000 8142.426176 4616.255163 4743.420335 -0.928835 5.091573 -3.350181
51500 12310.000000 8035.555589 5117.159658 4400.415445 -1.207956 4.923641 -3.507941
51500 12410.000000 7900.975125 5600.418143 4042.236101 -1.482873 4.738755 -3.653583
51500 12510.000000 7739.152812 6064.366941 3670.119468 -1.752637 4.537559 -3.786607
51500 12610.000000 7550.650607 6507.409543 3285.350469 -2.016317 4.320752 -3.906558
51500 12710.000000 7336.122394 6928.022093 2889.257312 -2.273007 4.089088 -4.013026
51500 12810.000000 7096.311664 7324.758622 2483.206863 -2.521823 3.843370 -4.105648
51500 12910.000000 6832.048885 7696.255995 2068.599896 -2.761908 3.584451 -4.184108
51500 13010.000000 6544.248577 8041.238569 1646.866232 -2.992439 3.313227 -4.248141
51500 13110.000000 6233.906096 8358.522540 1219.459773 -3.212623 3.030638 -4.297532
51500 13210.000000 5902.094143 8647.019968 787.853479 -3.421705 2.737662 -4.332115
51500 13310.000000 5549.959013 8905.742463 353.534264 -3.618970 2.435311 -4.351776
51500 13410.000000 5178.716589 9133.804519 -82.002134 -3.803742 2.124630 -4.356452
51500 13510.000000 4789.648109 9330.426499 -517.256311 -3.975390 1.806691 -4.346134
51500 13610.000000 4384.095709 9494.937236 -950.730361 -4.133327 1.482590 -4.320861
51500 13710.000000 3963.457763 9626.776274 -1380.933028 -4.277015 1.153444 -4.280726
51500 13810.000000 3529.184036 9725.495708 -1806.384824 -4.405965 0.820388 -4.225872
51500 13910.000000 3082.770674 9790.761652 -2225.623108 -4.519739 0.484566 -4.156492
51500 14010.000000 2625.755031 9822.355301 -2637.207089 -4.617951 0.147135 -4.072830
51500 14110.000000 2159.710373 9820.173609 -3039.722757 -4.700268 -0.190747 -3.975178
51500 14210.000000 1686.240455 9784.229561 -3431.787709 -4.766414 -0.527919 -3.863876
51500 14310.000000 1206.974015 9714.652053 -3812.055868 -4.816167 -0.863224 -3.739311
51500 14410.000000 723.559176 9611.685384 -4179.222064 -4.849359 -1.195511 -3.601913
51500 14510.000000 237.657801 9475.688341 -4532.026478 -4.865884 -1.523643 -3.452158
51500 14610.000000 -249.060204 9307.132909 -4869.258918 -4.865688 -1.846493 -3.290563
51500 14710.000000 -734.922593 9106.602594 -5189.762932 -4.848777 -2.162958 -3.117685
51500 14810.000000 -1218.260500 8874.790366 -5492.439724 -4.815214 -2.471953 -2.934121
51500 14910.000000 -1697.414130 8612.496241 -5776.251878 -4.765116 -2.772422 -2.740501
51500 14970.000000 -1982.212645 8440.860440 -5937.076727 -4.727192 -2.948182 -2.619778
