CIC_AEM_VERS = 1.0
CREATION_DATE = 2015-08-24T01:55:01
ORIGINATOR = BIRDY AOCS TEAM

META_START

OBJECT_NAME = Birdy
OBJECT_ID = Birdy
REF_FRAME_A = EME2000
REF_FRAME_B = SC_BODY_1
ATTITUDE_DIR = A2B
TIME_SYSTEM = UTC
ATTITUDE_TYPE = QUATERNION

META_STOP


51500    11.000 0.579275 0.579275 -0.573482 0.000000
51500    12.000 -0.328882 0.671118 -0.664407 -0.000000
51500    13.000 -0.960300 0.198249 -0.196267 -0.000000
51500    14.000 -0.783674 -0.441437 0.437023 0.000000
51500    15.000 0.052375 -0.709676 0.702579 0.000000
51500    16.000 0.844353 -0.380757 0.376950 -0.000000
51500    17.000 0.925850 0.268549 -0.265864 -0.000000
51500    18.000 0.228289 0.691885 -0.684966 -0.000000
51500    19.000 -0.661365 0.533034 -0.527703 -0.000000
51500    20.000 -0.994514 -0.074339 0.073596 0.000000
51500    21.000 -0.661365 0.533034 -0.527703 -0.000000
51500    22.000 0.228289 0.691885 -0.684966 0.000000
51500    23.000 0.925850 0.268549 -0.265864 0.000000
51500    24.000 0.844353 -0.380757 0.376950 -0.000000
51500    25.000 0.052375 -0.709676 0.702579 -0.000000
51500    26.000 -0.783674 -0.441437 0.437023 -0.000000
51500    27.000 -0.960300 0.198249 -0.196267 0.000000
51500    28.000 -0.328882 0.671118 -0.664407 0.000000
51500    29.000 0.579275 0.579275 -0.573482 -0.000000
51500    30.000 1.000000 0.000000 -0.000000 -0.000000
51500    31.000 0.579275 -0.579275 0.573482 -0.000000
51500    32.000 -0.328882 -0.671118 0.664407 -0.000000
51500    33.000 -0.960300 -0.198249 0.196267 0.000000
51500    34.000 -0.783674 0.441437 -0.437023 0.000000
51500    35.000 0.052375 0.709676 -0.702579 0.000000
51500    36.000 0.844353 0.380757 -0.376950 -0.000000
51500    37.000 0.925850 -0.268549 0.265864 -0.000000
51500    38.000 0.228289 -0.691885 0.684966 -0.000000
51500    39.000 -0.661365 -0.533034 0.527703 0.000000
51500    40.000 -0.994514 0.074339 -0.073596 0.000000