CIC_AEM_VERS = 1.0
CREATION_DATE = 2015-10-23T03:46:39
ORIGINATOR = BIRDY AOCS TEAM

META_START

OBJECT_NAME = Birdy
OBJECT_ID = Birdy
REF_FRAME_A = EME2000
REF_FRAME_B = SC_BODY_1
ATTITUDE_DIR = A2B
TIME_SYSTEM = UTC
ATTITUDE_TYPE = QUATERNION

META_STOP


55276     0.000 0.089087 0.445435 0.890871 0.000000
55276     1.000 -0.984127 0.079365 0.158730 0.000000
55276     2.000 -0.264433 -0.431295 -0.862589 0.000000
55276     3.000 0.937012 -0.156211 -0.312421 0.000000
55276     4.000 0.431384 0.403462 0.806924 0.000000
55276     5.000 -0.860150 0.228097 0.456194 0.000000
55276     6.000 -0.584641 -0.362821 -0.725642 0.000000
55276     7.000 0.755982 -0.292742 -0.585485 0.000000
55276     8.000 0.719337 0.310662 0.621323 0.000000
55276     9.000 -0.627815 0.348094 0.696189 0.000000
55276    10.000 -0.831198 -0.248640 -0.497281 -0.000000
55276    11.000 0.479717 -0.392396 -0.784791 -0.000000
55276    12.000 0.916671 0.178726 0.357451 -0.000000
55276    13.000 -0.316390 0.424240 0.848480 -0.000000
55276    14.000 -0.973044 -0.103137 -0.206274 -0.000000
55276    15.000 0.143019 -0.442616 -0.885232 0.000000
55276    16.000 0.998526 0.024274 0.048548 0.000000
55276    17.000 0.034893 0.446941 0.893883 -0.000000
55276    18.000 -0.992309 0.055359 0.110718 -0.000000
55276    19.000 -0.211697 -0.437078 -0.874155 0.000000
55276    20.000 0.954590 -0.133235 -0.266470 0.000000
55276    21.000 0.381780 0.413339 0.826677 -0.000000
55276    22.000 -0.886567 0.206881 0.413763 -0.000000
55276    23.000 -0.539743 -0.376478 -0.752955 0.000000
55276    24.000 0.790398 -0.273960 -0.547920 0.000000
55276    25.000 0.680572 0.327665 0.655330 -0.000000
55276    26.000 -0.669138 0.332341 0.664683 -0.000000
55276    27.000 -0.799795 -0.268450 -0.536901 -0.000000
55276    28.000 0.526635 -0.380172 -0.760345 0.000000
55276    29.000 0.893628 0.200714 0.401427 0.000000
55276    30.000 -0.367414 0.415934 0.831869 -0.000000
55276    31.000 -0.959091 -0.126605 -0.253210 -0.000000
55276    32.000 0.196529 -0.438492 -0.876984 0.000000
55276    33.000 0.994108 0.048477 0.096954 -0.000000
55276    34.000 -0.019404 0.447129 0.894259 -0.000000
55276    35.000 -0.997565 0.031190 0.062380 -0.000000
55276    36.000 -0.158336 -0.441572 -0.883144 0.000000
55276    37.000 0.969354 -0.109867 -0.219734 0.000000
55276    38.000 0.331050 0.421997 0.843993 -0.000000
55276    39.000 -0.910369 0.185056 0.370111 0.000000
55276    40.000 -0.493254 -0.389025 -0.778049 0.000000
55276    41.000 0.822484 -0.254370 -0.508740 0.000000
55276    42.000 0.639799 0.343702 0.687405 -0.000000
55276    43.000 -0.708488 0.315609 0.631217 0.000000
55276    44.000 -0.766034 -0.287469 -0.574938 0.000000
55276    45.000 0.572001 -0.366828 -0.733657 0.000000
55276    46.000 0.867949 0.222110 0.444220 0.000000
55276    47.000 -0.417355 0.406403 0.812805 -0.000000
55276    48.000 -0.942311 -0.149699 -0.299399 -0.000000
55276    49.000 0.249459 -0.433075 -0.866150 -0.000000
55276    50.000 0.986758 0.072537 0.145073 0.000000
55276    51.000 -0.073644 0.445999 0.891998 0.000000
55276    52.000 -0.999880 0.006929 0.013858 0.000000
55276    53.000 -0.104508 -0.444765 -0.889529 -0.000000
55276    54.000 0.981259 -0.086175 -0.172349 -0.000000
55276    55.000 0.279343 0.429411 0.858821 0.000000
55276    56.000 -0.931487 0.162684 0.325369 0.000000
55276    57.000 -0.445310 -0.400424 -0.800849 0.000000
55276    58.000 0.852145 -0.234030 -0.468059 0.000000
55276    59.000 0.597141 0.358726 0.717453 0.000000
55276    60.000 -0.745750 0.297945 0.595891 0.000000
55276    61.000 -0.730014 -0.305640 -0.611280 0.000000
55276    62.000 0.615680 -0.352403 -0.704805 0.000000
55276    63.000 0.839712 0.242851 0.485702 -0.000000
55276    64.000 -0.466065 0.395672 0.791345 0.000000
55276    65.000 -0.922753 -0.172353 -0.344705 -0.000000
55276    66.000 0.301654 -0.426381 -0.852762 0.000000
55276    67.000 0.976500 0.096382 0.192765 0.000000
55276    68.000 -0.127667 0.443554 0.887108 0.000000
55276    69.000 -0.999247 -0.017353 -0.034705 0.000000
55276    70.000 -0.050373 -0.446646 -0.893292 0.000000
55276    71.000 0.990272 -0.062228 -0.124456 -0.000000
55276    72.000 0.226814 0.435558 0.871117 -0.000000
55276    73.000 -0.949859 0.139833 0.279667 -0.000000
55276    74.000 -0.396054 -0.410644 -0.821287 -0.000000
55276    75.000 0.879293 -0.213000 -0.425999 0.000000
55276    76.000 0.552721 0.372693 0.745385 -0.000000
55276    77.000 -0.780812 0.279404 0.558807 -0.000000
55276    78.000 -0.691842 -0.322910 -0.645820 -0.000000
55276    79.000 0.657544 -0.336938 -0.673876 -0.000000
55276    80.000 0.808999 0.262877 0.525753 -0.000000
55276    81.000 -0.513401 0.383776 0.767552 -0.000000
55276    82.000 -0.900474 -0.194498 -0.388995 -0.000000
55276    83.000 0.352960 -0.418430 -0.836860 -0.000000
55276    84.000 0.963362 0.119944 0.239888 -0.000000
55276    85.000 -0.181314 0.439801 0.879602 0.000000
55276    86.000 -0.995668 -0.041583 -0.083166 0.000000
55276    87.000 0.003911 -0.447210 -0.894420 -0.000000
55276    88.000 0.996365 -0.038098 -0.076197 -0.000000
55276    89.000 0.173615 0.440422 0.880844 0.000000
55276    90.000 -0.965431 0.116570 0.233140 0.000000
55276    91.000 -0.345630 -0.419652 -0.839304 -0.000000
55276    92.000 0.903849 -0.191341 -0.382683 -0.000000
55276    93.000 0.506672 0.385560 0.771120 0.000000
55276    94.000 -0.813573 0.260038 0.520076 0.000000
55276    95.000 -0.651630 -0.339228 -0.678456 -0.000000
55276    96.000 0.697469 -0.320480 -0.640960 -0.000000
55276    97.000 0.775901 0.282127 0.564254 0.000000
55276    98.000 -0.559224 0.370748 0.741495 0.000000
55276    99.000 -0.875540 -0.216069 -0.432138 -0.000000
55276   100.000 0.403225 -0.409246 -0.818491 -0.000000
55276   101.000 0.947384 0.143152 0.286304 0.000000
55276   102.000 -0.234426 0.434752 0.869503 0.000000
55276   103.000 -0.989153 -0.065691 -0.131381 -0.000000
55276   104.000 0.058184 -0.446456 -0.892912 -0.000000
55276   105.000 0.999520 -0.013856 -0.027712 0.000000
55276   106.000 0.119905 0.443987 0.887974 0.000000
55276   107.000 -0.978156 0.092963 0.185927 -0.000000
55276   108.000 -0.294187 -0.427423 -0.854847 -0.000000
55276   109.000 0.925740 -0.169119 -0.338238 0.000000
55276   110.000 0.459130 0.397291 0.794582 0.000000
55276   111.000 -0.843934 0.239906 0.479812 -0.000000
55276   112.000 -0.609497 -0.354546 -0.709092 -0.000000
55276   113.000 0.735338 -0.303077 -0.606154 0.000000
55276   114.000 0.740515 0.300545 0.601091 0.000000
55276   115.000 -0.603397 0.356626 0.713253 0.000000
55276   116.000 -0.848025 -0.237004 -0.474007 -0.000000
55276   117.000 0.452301 -0.398854 -0.797709 -0.000000
55276   118.000 0.928613 0.165938 0.331876 0.000000
55276   119.000 -0.286846 0.428420 0.856840 0.000000
55276   120.000 -0.979722 -0.089605 -0.179210 -0.000000
55276   121.000 0.112285 -0.444385 -0.888771 -0.000000
55276   122.000 0.999728 0.010427 0.020853 0.000000
55276   123.000 0.065841 0.446243 0.892486 0.000000
55276   124.000 -0.987997 0.069082 0.138165 -0.000000
55276   125.000 -0.241876 -0.433935 -0.867869 -0.000000
55276   126.000 0.944901 -0.146398 -0.292796 0.000000
55276   127.000 0.410233 0.407850 0.815700 0.000000
55276   128.000 -0.871808 0.219067 0.438133 -0.000000
55276   129.000 -0.565567 -0.368818 -0.737636 -0.000000
55276   130.000 0.771039 -0.284780 -0.569561 0.000000
55276   131.000 0.702946 0.318078 0.636155 0.000000
55276   132.000 -0.645792 0.341454 0.682907 -0.000000
55276   133.000 -0.818009 -0.257239 -0.514479 -0.000000
55276   134.000 0.500044 -0.387287 -0.774574 -0.000000
55276   135.000 0.907104 0.188235 0.376470 0.000000
55276   136.000 -0.338421 0.420826 0.841651 0.000000
55276   137.000 -0.967402 -0.113255 -0.226509 -0.000000
55276   138.000 0.166055 -0.441005 -0.882009 -0.000000
55276   139.000 0.996989 0.034679 0.069358 0.000000
55276   140.000 0.011583 0.447184 0.894367 0.000000
55276   141.000 -0.994925 0.044998 0.089995 -0.000000
55276   142.000 -0.188853 -0.439166 -0.878332 -0.000000
55276   143.000 0.961277 -0.123246 -0.246491 0.000000
55276   144.000 0.360127 0.417207 0.834414 0.000000
55276   145.000 -0.897111 0.197581 0.395162 -0.000000
55276   146.000 -0.519969 -0.382003 -0.764006 -0.000000
55276   147.000 0.804466 -0.265644 -0.531288 0.000000
55276   148.000 0.663304 0.334672 0.669344 0.000000
55276   149.000 -0.686282 0.325274 0.650548 0.000000
55276   150.000 -0.785582 -0.276717 -0.553434 -0.000000
55276   151.000 0.546312 -0.374578 -0.749156 -0.000000
55276   152.000 0.882921 0.209977 0.419953 0.000000
55276   153.000 -0.388998 0.411990 0.823981 0.000000
55276   154.000 -0.952230 -0.136571 -0.273141 -0.000000
55276   155.000 0.219336 -0.436324 -0.872647 -0.000000
55276   156.000 0.991310 0.058829 0.117658 0.000000
55276   157.000 -0.042710 0.446806 0.893611 0.000000
55276   158.000 -0.998920 0.020780 0.041560 -0.000000
55276   159.000 -0.135272 -0.443103 -0.886206 -0.000000
55276   160.000 0.974818 -0.099730 -0.199459 0.000000
55276   161.000 0.308959 0.425334 0.850668 0.000000
55276   162.000 -0.919769 0.175513 0.351026 -0.000000
55276   163.000 -0.472839 -0.394062 -0.788124 -0.000000
55276   164.000 0.835522 -0.245725 -0.491450 0.000000
55276   165.000 0.621707 0.350280 0.700560 0.000000
55276   166.000 -0.724750 0.308136 0.616271 -0.000000
55276   167.000 -0.750839 -0.295378 -0.590756 -0.000000
55276   168.000 0.590970 -0.360764 -0.721529 0.000000
55276   169.000 0.856134 0.231099 0.462199 0.000000
55276   170.000 -0.438429 0.401940 0.803881 -0.000000
55276   171.000 -0.934251 -0.159484 -0.318968 -0.000000
55276   172.000 0.271969 -0.430356 -0.860713 -0.000000
55276   173.000 0.982709 0.082806 0.165611 0.000000
55276   174.000 -0.096876 0.445110 0.890220 0.000000
55276   175.000 -0.999969 -0.003498 -0.006997 -0.000000
55276   176.000 -0.081293 -0.445733 -0.891467 -0.000000
55276   177.000 0.985485 -0.075920 -0.151840 0.000000
55276   178.000 0.256881 0.432207 0.864413 0.000000
55276   179.000 -0.939716 0.152928 0.305856 -0.000000
55276   180.000 -0.424314 -0.404959 -0.809917 -0.000000
55276   181.000 0.864114 -0.225081 -0.450162 0.000000
55276   182.000 0.578277 0.364855 0.729710 0.000000
55276   183.000 -0.761080 0.290089 0.580177 -0.000000
55276   184.000 -0.713881 -0.313169 -0.626338 -0.000000
55276   185.000 0.633885 -0.345887 -0.691775 0.000000
55276   186.000 0.826823 0.251541 0.503081 0.000000
55276   187.000 -0.486566 0.390705 0.781411 -0.000000
55276   188.000 -0.913517 -0.181927 -0.363854 -0.000000
55276   189.000 0.323801 -0.423120 -0.846240 0.000000
55276   190.000 0.971210 0.106538 0.213076 0.000000
55276   191.000 -0.150757 0.442102 0.884205 0.000000
55276   192.000 -0.998071 -0.027767 -0.055533 -0.000000
55276   193.000 -0.027074 -0.447050 -0.894099 -0.000000
55276   194.000 0.993247 -0.051886 -0.103772 0.000000
55276   195.000 0.204045 0.437805 0.875610 0.000000
55276   196.000 -0.956891 0.129891 0.259783 -0.000000
55276   197.000 -0.374538 -0.414662 -0.829323 -0.000000
55276   198.000 0.890158 -0.203773 -0.407547 0.000000
55276   199.000 0.533141 0.378354 0.756709 0.000000
55276   200.000 -0.795166 0.271186 0.542373 -0.000000
55276   201.000 -0.674819 -0.330036 -0.660072 -0.000000
55276   202.000 0.674931 -0.329990 -0.659981 0.000000
55276   203.000 0.795075 0.271240 0.542481 0.000000
55276   204.000 -0.533269 0.378318 0.756637 -0.000000
55276   205.000 -0.890089 -0.203834 -0.407667 -0.000000
55276   206.000 0.374678 -0.414636 -0.829273 0.000000
55276   207.000 0.956847 0.129956 0.259913 0.000000
55276   208.000 -0.204193 0.437791 0.875582 0.000000
55276   209.000 -0.993229 -0.051953 -0.103906 -0.000000
55276   210.000 0.027225 -0.447048 -0.894096 -0.000000
55276   211.000 0.998080 -0.027699 -0.055398 0.000000
55276   212.000 0.150607 0.442113 0.884225 0.000000
55276   213.000 -0.971246 0.106472 0.212944 -0.000000
55276   214.000 -0.323658 -0.423142 -0.846284 -0.000000
55276   215.000 0.913578 -0.181865 -0.363730 0.000000
55276   216.000 0.486434 0.390738 0.781477 0.000000
55276   217.000 -0.826908 0.251485 0.502969 -0.000000
55276   218.000 -0.633768 -0.345930 -0.691860 -0.000000
55276   219.000 0.713987 -0.313120 -0.626241 0.000000
55276   220.000 0.760982 0.290140 0.580280 0.000000
55276   221.000 -0.578400 0.364816 0.729632 -0.000000
55276   222.000 -0.864038 -0.225139 -0.450279 -0.000000
55276   223.000 0.424451 -0.404930 -0.809860 0.000000
55276   224.000 0.939664 0.152991 0.305983 0.000000
55276   225.000 -0.257027 0.432189 0.864378 0.000000
55276   226.000 -0.985459 -0.075986 -0.151973 -0.000000
55276   227.000 0.081444 -0.445728 -0.891456 -0.000000
55276   228.000 0.999971 -0.003431 -0.006861 0.000000
55276   229.000 0.096725 0.445117 0.890233 0.000000
55276   230.000 -0.982737 0.082739 0.165478 -0.000000
55276   231.000 -0.271824 -0.430375 -0.860749 -0.000000
55276   232.000 0.934305 -0.159421 -0.318841 0.000000
55276   233.000 0.438293 0.401970 0.803940 0.000000
55276   234.000 -0.856212 0.231041 0.462083 -0.000000
55276   235.000 -0.590847 -0.360804 -0.721609 -0.000000
55276   236.000 0.750939 -0.295327 -0.590655 0.000000
55276   237.000 0.724645 0.308185 0.616370 0.000000
55276   238.000 -0.621825 0.350238 0.700476 -0.000000
55276   239.000 -0.835439 -0.245781 -0.491563 -0.000000
55276   240.000 0.472972 -0.394030 -0.788060 0.000000
55276   241.000 0.919710 0.175575 0.351151 0.000000
55276   242.000 -0.309103 0.425313 0.850626 0.000000
55276   243.000 -0.974784 -0.099796 -0.199591 -0.000000
55276   244.000 0.135422 -0.443094 -0.886188 -0.000000
55276   245.000 0.998913 0.020848 0.041696 0.000000
55276   246.000 0.042558 0.446808 0.893617 0.000000
55276   247.000 -0.991330 0.058762 0.117524 -0.000000
55276   248.000 -0.219188 -0.436339 -0.872677 -0.000000
55276   249.000 0.952276 -0.136506 -0.273012 0.000000
55276   250.000 0.388859 0.412017 0.824033 0.000000
55276   251.000 -0.882992 0.209917 0.419834 -0.000000
55276   252.000 -0.546185 -0.374615 -0.749230 -0.000000
55276   253.000 0.785676 -0.276664 -0.553327 0.000000
55276   254.000 0.686172 0.325321 0.650641 0.000000
55276   255.000 -0.663418 0.334627 0.669255 -0.000000
55276   256.000 -0.804376 -0.265699 -0.531397 -0.000000
55276   257.000 0.520098 -0.381968 -0.763936 -0.000000
55276   258.000 0.897044 0.197642 0.395284 0.000000
55276   259.000 -0.360268 0.417183 0.834365 0.000000
55276   260.000 -0.961235 -0.123311 -0.246621 -0.000000
55276   261.000 0.189001 -0.439153 -0.878307 -0.000000
55276   262.000 0.994910 0.045065 0.090130 0.000000
55276   263.000 -0.011734 0.447183 0.894366 0.000000
55276   264.000 -0.997001 0.034612 0.069223 -0.000000
55276   265.000 -0.165906 -0.441016 -0.882032 -0.000000
55276   266.000 0.967440 -0.113189 -0.226378 0.000000
55276   267.000 0.338279 0.420849 0.841697 0.000000
55276   268.000 -0.907168 0.188173 0.376347 -0.000000
55276   269.000 -0.499913 -0.387321 -0.774642 -0.000000
55276   270.000 0.818096 -0.257184 -0.514368 0.000000
55276   271.000 0.645676 0.341497 0.682995 0.000000
55276   272.000 -0.703054 0.318030 0.636060 -0.000000
55276   273.000 -0.770942 -0.284833 -0.569665 -0.000000
55276   274.000 0.565692 -0.368780 -0.737560 -0.000000
55276   275.000 0.871734 0.219126 0.438251 0.000000
55276   276.000 -0.410371 0.407822 0.815645 0.000000
55276   277.000 -0.944851 -0.146462 -0.292924 -0.000000
55276   278.000 0.242023 -0.433918 -0.867836 -0.000000
55276   279.000 0.987974 0.069149 0.138298 0.000000
55276   280.000 -0.065992 0.446239 0.892477 0.000000
55276   281.000 -0.999732 0.010359 0.020718 -0.000000
55276   282.000 -0.112135 -0.444393 -0.888786 -0.000000
55276   283.000 0.979752 -0.089538 -0.179077 0.000000
55276   284.000 0.286701 0.428440 0.856879 0.000000
55276   285.000 -0.928669 0.165875 0.331751 -0.000000
55276   286.000 -0.452166 -0.398885 -0.797770 -0.000000
55276   287.000 0.848105 -0.236946 -0.473893 0.000000
55276   288.000 0.603277 0.356667 0.713334 0.000000
55276   289.000 -0.740617 0.300495 0.600990 -0.000000
55276   290.000 -0.735235 -0.303127 -0.606253 -0.000000
55276   291.000 0.609617 -0.354505 -0.709009 0.000000
55276   292.000 0.843853 0.239963 0.479926 0.000000
55276   293.000 -0.459264 0.397260 0.794519 -0.000000
55276   294.000 -0.925682 -0.169182 -0.338364 -0.000000
55276   295.000 0.294331 -0.427404 -0.854807 -0.000000
55276   296.000 0.978125 0.093029 0.186059 0.000000
55276   297.000 -0.120055 0.443979 0.887958 0.000000
55276   298.000 -0.999515 -0.013924 -0.027848 -0.000000
55276   299.000 -0.058033 -0.446460 -0.892920 -0.000000
55276   300.000 0.989175 -0.065624 -0.131247 0.000000
55276   301.000 0.234278 0.434767 0.869535 0.000000
55276   302.000 -0.947433 0.143088 0.286176 -0.000000
55276   303.000 -0.403086 -0.409273 -0.818546 -0.000000
55276   304.000 0.875613 -0.216010 -0.432020 0.000000
55276   305.000 0.559098 0.370785 0.741571 0.000000
55276   306.000 -0.775996 0.282074 0.564149 -0.000000
55276   307.000 -0.697361 -0.320527 -0.641054 -0.000000
55276   308.000 0.651745 -0.339184 -0.678368 0.000000
55276   309.000 0.813485 0.260093 0.520187 0.000000
55276   310.000 -0.506803 0.385526 0.771052 -0.000000
55276   311.000 -0.903784 -0.191403 -0.382805 -0.000000
55276   312.000 0.345772 -0.419629 -0.839258 -0.000000
55276   313.000 0.965391 0.116636 0.233271 0.000000
55276   314.000 -0.173764 0.440410 0.880821 0.000000
55276   315.000 -0.996352 -0.038166 -0.076332 -0.000000
55276   316.000 -0.003760 -0.447210 -0.894421 -0.000000
55276   317.000 0.995682 -0.041516 -0.083031 0.000000
55276   318.000 0.181165 0.439813 0.879627 0.000000
55276   319.000 -0.963403 0.119879 0.239758 -0.000000
55276   320.000 -0.352818 -0.418454 -0.836908 -0.000000
55276   321.000 0.900540 -0.194437 -0.388873 0.000000
55276   322.000 0.513271 0.383811 0.767621 0.000000
55276   323.000 -0.809088 0.262822 0.525643 -0.000000
55276   324.000 -0.657430 -0.336982 -0.673965 -0.000000
55276   325.000 0.691951 -0.322863 -0.645727 0.000000
55276   326.000 0.780718 0.279457 0.558913 0.000000
55276   327.000 -0.552847 0.372655 0.745311 0.000000
55276   328.000 -0.879221 -0.213059 -0.426118 -0.000000
55276   329.000 0.396193 -0.410617 -0.821234 -0.000000
55276   330.000 0.949812 0.139898 0.279795 0.000000
55276   331.000 -0.226961 0.435543 0.871086 0.000000
55276   332.000 -0.990251 -0.062295 -0.124590 -0.000000
55276   333.000 0.050524 -0.446642 -0.893285 -0.000000
55276   334.000 0.999253 -0.017285 -0.034570 0.000000
55276   335.000 0.127517 0.443563 0.887125 0.000000
55276   336.000 -0.976533 0.096316 0.192633 -0.000000
55276   337.000 -0.301510 -0.426402 -0.852803 -0.000000
55276   338.000 0.922811 -0.172290 -0.344580 0.000000
55276   339.000 0.465931 0.395704 0.791408 0.000000
55276   340.000 -0.839794 0.242794 0.485589 -0.000000
55276   341.000 -0.615561 -0.352444 -0.704889 -0.000000
55276   342.000 0.730117 -0.305591 -0.611182 0.000000
55276   343.000 0.745649 0.297996 0.595992 0.000000
55276   344.000 -0.597262 0.358686 0.717372 0.000000
55276   345.000 -0.852065 -0.234087 -0.468175 -0.000000
55276   346.000 0.445446 -0.400394 -0.800789 -0.000000
55276   347.000 0.931432 0.162747 0.325495 0.000000
55276   348.000 -0.279489 0.429392 0.858783 0.000000
55276   349.000 -0.981230 -0.086241 -0.172482 -0.000000
55276   350.000 0.104659 -0.444758 -0.889515 -0.000000
55276   351.000 0.999878 0.006997 0.013993 0.000000
55276   352.000 0.073493 0.446004 0.892008 0.000000
55276   353.000 -0.986783 0.072470 0.144940 -0.000000
55276   354.000 -0.249313 -0.433092 -0.866184 -0.000000
55276   355.000 0.942362 -0.149636 -0.299271 -0.000000
55276   356.000 0.417217 0.406431 0.812862 0.000000
55276   357.000 -0.868025 0.222051 0.444102 0.000000
55276   358.000 -0.571877 -0.366867 -0.733734 -0.000000
55276   359.000 0.766131 -0.287417 -0.574835 -0.000000
55276   360.000 0.708381 0.315657 0.631313 0.000000
55276   361.000 -0.639916 0.343659 0.687318 0.000000
55276   362.000 -0.822398 -0.254425 -0.508851 -0.000000
55276   363.000 0.493386 -0.388991 -0.777982 -0.000000
55276   364.000 0.910306 0.185117 0.370235 0.000000
55276   365.000 -0.331193 0.421974 0.843949 0.000000
55276   366.000 -0.969316 -0.109932 -0.219865 -0.000000
55276   367.000 0.158485 -0.441561 -0.883123 -0.000000
55276   368.000 0.997554 0.031258 0.062515 0.000000
55276   369.000 0.019253 0.447131 0.894261 0.000000
55276   370.000 -0.994124 0.048410 0.096819 0.000000
55276   371.000 -0.196380 -0.438505 -0.877011 -0.000000
55276   372.000 0.959134 -0.126540 -0.253080 -0.000000
55276   373.000 0.367273 0.415959 0.831918 0.000000
55276   374.000 -0.893696 0.200653 0.401306 0.000000
55276   375.000 -0.526507 -0.380208 -0.760416 -0.000000
55276   376.000 0.799886 -0.268396 -0.536793 -0.000000
55276   377.000 0.669026 0.332387 0.664773 0.000000
55276   378.000 -0.680683 0.327619 0.655238 0.000000
55276   379.000 -0.790306 -0.274013 -0.548027 -0.000000
55276   380.000 0.539871 -0.376441 -0.752882 -0.000000
55276   381.000 0.886497 0.206941 0.413883 0.000000
55276   382.000 -0.381920 0.413313 0.826626 0.000000
55276   383.000 -0.954545 -0.133300 -0.266599 -0.000000
55276   384.000 0.211845 -0.437063 -0.874127 -0.000000
55276   385.000 0.992290 0.055426 0.110853 0.000000
55276   386.000 -0.035044 0.446939 0.893878 0.000000
55276   387.000 -0.998534 0.024207 0.048413 -0.000000
55276   388.000 -0.142869 -0.442626 -0.885252 -0.000000
55276   389.000 0.973078 -0.103071 -0.206142 0.000000
55276   390.000 0.316246 0.424261 0.848523 0.000000
55276   391.000 -0.916732 0.178664 0.357327 -0.000000
55276   392.000 -0.479584 -0.392428 -0.784856 -0.000000
55276   393.000 0.831282 -0.248584 -0.497168 -0.000000
55276   394.000 0.627697 0.348137 0.696274 0.000000
55276   395.000 -0.719443 0.310613 0.621226 0.000000
55276   396.000 -0.755883 -0.292794 -0.585587 -0.000000
55276   397.000 0.584764 -0.362781 -0.725563 -0.000000
55276   398.000 0.860073 0.228155 0.456311 0.000000
55276   399.000 -0.431521 0.403433 0.806865 0.000000
55276   400.000 -0.936959 -0.156274 -0.312548 -0.000000
55276   401.000 0.264579 -0.431277 -0.862553 -0.000000
55276   402.000 0.984100 0.079432 0.158863 0.000000
55276   403.000 -0.089238 0.445429 0.890859 0.000000
55276   404.000 -1.000000 -0.000068 -0.000135 -0.000000
55276   405.000 -0.088936 -0.445441 -0.890883 -0.000000
55276   406.000 0.984154 -0.079298 -0.158597 0.000000
55276   407.000 0.264287 0.431312 0.862625 0.000000
55276   408.000 -0.937065 0.156147 0.312294 -0.000000
55276   409.000 -0.431248 -0.403491 -0.806982 -0.000000
55276   410.000 0.860227 -0.228039 -0.456078 0.000000
55276   411.000 0.584518 0.362860 0.725721 0.000000
55276   412.000 -0.756081 0.292691 0.585382 -0.000000
55276   413.000 -0.719232 -0.310710 -0.621421 -0.000000
55276   414.000 0.627933 -0.348052 -0.696104 -0.000000
55276   415.000 0.831114 0.248697 0.497393 0.000000
55276   416.000 -0.479850 0.392363 0.784726 0.000000
55276   417.000 -0.916611 -0.178788 -0.357575 -0.000000
55276   418.000 0.316534 -0.424218 -0.848437 -0.000000
55276   419.000 0.973009 0.103203 0.206406 0.000000
55276   420.000 -0.143169 0.442607 0.885213 0.000000
55276   421.000 -0.998518 -0.024342 -0.048684 -0.000000
55276   422.000 -0.034741 -0.446944 -0.893887 -0.000000
55276   423.000 0.992328 -0.055292 -0.110584 0.000000
55276   424.000 0.211549 0.437092 0.874184 0.000000
55276   425.000 -0.954635 0.133170 0.266341 -0.000000
55276   426.000 -0.381640 -0.413364 -0.826729 -0.000000
55276   427.000 0.886637 -0.206821 -0.413643 0.000000
55276   428.000 0.539616 0.376514 0.753029 0.000000
55276   429.000 -0.790491 0.273906 0.547813 -0.000000
55276   430.000 -0.680461 -0.327711 -0.655422 -0.000000
55276   431.000 0.669251 -0.332296 -0.664592 -0.000000
55276   432.000 0.799704 0.268505 0.537009 0.000000
55276   433.000 -0.526764 0.380137 0.760273 0.000000
55276   434.000 -0.893560 -0.200774 -0.401548 -0.000000
55276   435.000 0.367555 -0.415909 -0.831819 -0.000000
55276   436.000 0.959048 0.126670 0.253339 0.000000
55276   437.000 -0.196677 0.438479 0.876958 0.000000
55276   438.000 -0.994091 -0.048544 -0.097088 -0.000000
55276   439.000 0.019556 -0.447128 -0.894256 -0.000000
55276   440.000 0.997576 -0.031123 -0.062245 0.000000
55276   441.000 0.158186 0.441583 0.883166 0.000000
55276   442.000 -0.969391 0.109801 0.219602 -0.000000
55276   443.000 -0.330907 -0.422019 -0.844038 -0.000000
55276   444.000 0.910432 -0.184994 -0.369988 0.000000
55276   445.000 0.493122 0.389058 0.778116 0.000000
55276   446.000 -0.822570 0.254314 0.508628 0.000000
55276   447.000 -0.639683 -0.343746 -0.687491 -0.000000
55276   448.000 0.708595 -0.315561 -0.631121 -0.000000
55276   449.000 0.765936 0.287521 0.575042 0.000000
55276   450.000 -0.572125 0.366790 0.733579 0.000000
55276   451.000 -0.867874 -0.222169 -0.444337 -0.000000
55276   452.000 0.417492 -0.406374 -0.812749 -0.000000
55276   453.000 0.942261 0.149763 0.299526 0.000000
55276   454.000 -0.249606 0.433058 0.866116 0.000000
55276   455.000 -0.986734 -0.072603 -0.145207 -0.000000
55276   456.000 0.073795 -0.445994 -0.891988 -0.000000
55276   457.000 0.999882 -0.006861 -0.013723 0.000000
55276   458.000 0.104358 0.444772 0.889543 0.000000
55276   459.000 -0.981288 0.086108 0.172216 -0.000000
55276   460.000 -0.279198 -0.429429 -0.858859 -0.000000
55276   461.000 0.931543 -0.162621 -0.325243 -0.000000
55276   462.000 0.445175 0.400455 0.800909 0.000000
55276   463.000 -0.852224 0.233972 0.467944 0.000000
55276   464.000 -0.597019 -0.358767 -0.717534 -0.000000
55276   465.000 0.745850 -0.297895 -0.595790 -0.000000
55276   466.000 0.729910 0.305690 0.611379 0.000000
55276   467.000 -0.615799 0.352361 0.704722 0.000000
55276   468.000 -0.839630 -0.242908 -0.485816 -0.000000
55276   469.000 0.466199 -0.395641 -0.791282 -0.000000
55276   470.000 0.922695 0.172415 0.344830 0.000000
55276   471.000 -0.301799 0.426361 0.852722 0.000000
55276   472.000 -0.976467 -0.096449 -0.192897 -0.000000
55276   473.000 0.127817 -0.443545 -0.887091 -0.000000
55276   474.000 0.999241 0.017420 0.034840 -0.000000
55276   475.000 0.050222 0.446649 0.893299 0.000000
55276   476.000 -0.990293 0.062161 0.124322 0.000000
55276   477.000 -0.226666 -0.435574 -0.871147 -0.000000
55276   478.000 0.949907 -0.139769 -0.279538 -0.000000
55276   479.000 0.395915 0.410670 0.821341 0.000000
55276   480.000 -0.879365 0.212940 0.425880 0.000000
55276   481.000 -0.552595 -0.372730 -0.745460 -0.000000
55276   482.000 0.780907 -0.279351 -0.558702 -0.000000
55276   483.000 0.691733 0.322957 0.645914 0.000000
55276   484.000 -0.657658 0.336893 0.673787 0.000000
55276   485.000 -0.808910 -0.262931 -0.525863 -0.000000
55276   486.000 0.513531 -0.383741 -0.767482 -0.000000
55276   487.000 0.900408 0.194559 0.389117 0.000000
55276   488.000 -0.353102 0.418406 0.836813 0.000000
55276   489.000 -0.963322 -0.120009 -0.240019 0.000000
55276   490.000 0.181463 -0.439789 -0.879578 -0.000000
55276   491.000 0.995654 0.041650 0.083301 -0.000000
55276   492.000 -0.004063 0.447210 0.894420 0.000000
55276   493.000 -0.996378 0.038031 0.076062 0.000000
55276   494.000 -0.173466 -0.440434 -0.880868 -0.000000
55276   495.000 0.965470 -0.116505 -0.233010 -0.000000
55276   496.000 0.345488 0.419676 0.839351 0.000000
55276   497.000 -0.903913 0.191280 0.382560 0.000000
55276   498.000 -0.506542 -0.385594 -0.771189 -0.000000
55276   499.000 0.813661 -0.259983 -0.519966 -0.000000
55276   500.000 0.651515 0.339272 0.678544 0.000000